0.000000000000000000e+00
0.000000000000000000e+00
0.000000000000000000e+00
0.000000000000000000e+00
0.000000000000000000e+00
0.000000000000000000e+00
0.000000000000000000e+00
0.000000000000000000e+00
0.000000000000000000e+00
0.000000000000000000e+00
0.000000000000000000e+00
0.000000000000000000e+00
0.000000000000000000e+00
0.000000000000000000e+00
0.000000000000000000e+00
0.000000000000000000e+00
0.000000000000000000e+00
0.000000000000000000e+00
0.000000000000000000e+00
0.000000000000000000e+00
0.000000000000000000e+00
0.000000000000000000e+00
0.000000000000000000e+00
0.000000000000000000e+00
0.000000000000000000e+00
0.000000000000000000e+00
0.000000000000000000e+00
0.000000000000000000e+00
0.000000000000000000e+00
0.000000000000000000e+00
0.000000000000000000e+00
0.000000000000000000e+00
0.000000000000000000e+00
0.000000000000000000e+00
0.000000000000000000e+00
0.000000000000000000e+00
0.000000000000000000e+00
0.000000000000000000e+00
0.000000000000000000e+00
0.000000000000000000e+00
0.000000000000000000e+00
0.000000000000000000e+00
0.000000000000000000e+00
0.000000000000000000e+00
0.000000000000000000e+00
0.000000000000000000e+00
0.000000000000000000e+00
0.000000000000000000e+00
0.000000000000000000e+00
0.000000000000000000e+00
0.000000000000000000e+00
0.000000000000000000e+00
0.000000000000000000e+00
0.000000000000000000e+00
0.000000000000000000e+00
0.000000000000000000e+00
0.000000000000000000e+00
0.000000000000000000e+00
0.000000000000000000e+00
0.000000000000000000e+00
0.000000000000000000e+00
0.000000000000000000e+00
0.000000000000000000e+00
0.000000000000000000e+00
0.000000000000000000e+00
0.000000000000000000e+00
0.000000000000000000e+00
0.000000000000000000e+00
0.000000000000000000e+00
0.000000000000000000e+00
0.000000000000000000e+00
0.000000000000000000e+00
0.000000000000000000e+00
0.000000000000000000e+00
0.000000000000000000e+00
0.000000000000000000e+00
0.000000000000000000e+00
0.000000000000000000e+00
0.000000000000000000e+00
0.000000000000000000e+00
0.000000000000000000e+00
0.000000000000000000e+00
0.000000000000000000e+00
0.000000000000000000e+00
0.000000000000000000e+00
0.000000000000000000e+00
0.000000000000000000e+00
0.000000000000000000e+00
0.000000000000000000e+00
0.000000000000000000e+00
0.000000000000000000e+00
0.000000000000000000e+00
0.000000000000000000e+00
0.000000000000000000e+00
0.000000000000000000e+00
0.000000000000000000e+00
0.000000000000000000e+00
0.000000000000000000e+00
0.000000000000000000e+00
0.000000000000000000e+00
0.000000000000000000e+00
0.000000000000000000e+00
0.000000000000000000e+00
0.000000000000000000e+00
0.000000000000000000e+00
0.000000000000000000e+00
0.000000000000000000e+00
0.000000000000000000e+00
0.000000000000000000e+00
0.000000000000000000e+00
0.000000000000000000e+00
0.000000000000000000e+00
0.000000000000000000e+00
0.000000000000000000e+00
0.000000000000000000e+00
0.000000000000000000e+00
0.000000000000000000e+00
0.000000000000000000e+00
0.000000000000000000e+00
0.000000000000000000e+00
0.000000000000000000e+00
0.000000000000000000e+00
0.000000000000000000e+00
0.000000000000000000e+00
0.000000000000000000e+00
0.000000000000000000e+00
0.000000000000000000e+00
0.000000000000000000e+00
0.000000000000000000e+00
0.000000000000000000e+00
0.000000000000000000e+00
0.000000000000000000e+00
0.000000000000000000e+00
0.000000000000000000e+00
0.000000000000000000e+00
0.000000000000000000e+00
0.000000000000000000e+00
0.000000000000000000e+00
0.000000000000000000e+00
0.000000000000000000e+00
0.000000000000000000e+00
0.000000000000000000e+00
0.000000000000000000e+00
0.000000000000000000e+00
0.000000000000000000e+00
0.000000000000000000e+00
0.000000000000000000e+00
0.000000000000000000e+00
0.000000000000000000e+00
0.000000000000000000e+00
0.000000000000000000e+00
0.000000000000000000e+00
0.000000000000000000e+00
0.000000000000000000e+00
0.000000000000000000e+00
0.000000000000000000e+00
0.000000000000000000e+00
0.000000000000000000e+00
0.000000000000000000e+00
0.000000000000000000e+00
0.000000000000000000e+00
5.209904032053147560e-02
1.031068945761583477e-01
1.530526817916857407e-01
2.019645748176852607e-01
2.498698365480200856e-01
2.967948545432088636e-01
3.427651741389674545e-01
3.878055301147056988e-01
4.319398769926658943e-01
4.751914180346501482e-01
5.175826329994737129e-01
5.591353047209677296e-01
5.998705445631813404e-01
6.398088168062443515e-01
6.789699620137160663e-01
7.173732194294190068e-01
7.550372484492609004e-01
7.919801492112186203e-01
8.282194823444140042e-01
8.637722879159758227e-01
8.986551036126159131e-01
9.328839821917188635e-01
9.664745082351666738e-01
9.994418142373522329e-01
1.031800596057253827e+00
1.063565127762956308e+00
1.094749275895654739e+00
1.125366513178719607e+00
1.155429931696259738e+00
1.184952255564360568e+00
1.213945853117041285e+00
1.242422748627951545e+00
1.270394633587791144e+00
1.297872877556451643e+00
1.324868538608015012e+00
1.351392373385881918e+00
1.377454846784429865e+00
1.403066141272924394e+00
1.428236165876563879e+00
1.452974564828966475e+00
1.477290725909618185e+00
1.501193788479289637e+00
1.524692651225758810e+00
1.547795979631646723e+00
1.570512213175637273e+00
1.592849572277834636e+00
1.614816064999523793e+00
1.636419493507164535e+00
1.657667460309967034e+00
1.678567374280043545e+00
1.699126456463675883e+00
1.719351745691912736e+00
1.739250103998289276e+00
1.758828221851210571e+00
1.778092623208130441e+00
1.797049670398395360e+00
1.815705568841319284e+00
1.834066371605769685e+00
1.852137983817283118e+00
1.869926166918478350e+00
1.887436542788275329e+00
1.904674597725216634e+00
1.921645686299960687e+00
1.938355035081789524e+00
1.954807746243806932e+00
1.971008801051286508e+00
1.986963063237430216e+00
2.002675282270662382e+00
2.018150096517419279e+00
2.033392036304150885e+00
2.048405526882243421e+00
2.063194891299270139e+00
2.077764353179960999e+00
2.092118039420100217e+00
2.106259982796391039e+00
2.120194124495296428e+00
2.133924316563688972e+00
2.147454324284022498e+00
2.160787828476671280e+00
2.173928427731963708e+00
2.186879640574323602e+00
2.199644907560866613e+00
2.212227593316685059e+00
2.224630988508985663e+00
2.236858311762176754e+00
2.248912711515847818e+00
2.260797267827629131e+00
2.272514994122742493e+00
2.284068838892031827e+00
2.295461687340195400e+00
2.306696362985871662e+00
2.317775629215156563e+00
2.328702190790088888e+00
2.339478695313597978e+00
2.350107734652309155e+00
2.360591846318581766e+00
2.370933514813124532e+00
2.381135172929416566e+00
2.391199203021218800e+00
2.401127938234293158e+00
2.410923663703525399e+00
2.420588617716524560e+00
2.430124992844759468e+00
2.439534937043268847e+00
2.448820554719921105e+00
2.457983907775184829e+00
2.467027016613322132e+00
2.475951861125897047e+00
2.484760381648461358e+00
2.493454479891235920e+00
2.502036019844582793e+00
2.510506828660064471e+00
2.518868697507797183e+00
2.527123382410859875e+00
2.535272605057422801e+00
2.543318053591270722e+00
2.551261383381399739e+00
2.559104217771273060e+00
2.566848148808378305e+00
2.574494737954643231e+00
2.582045516778307181e+00
2.589501987627769619e+00
2.596865624287959751e+00
2.604137872619737948e+00
2.611320151182826343e+00
2.618413851842742446e+00
2.625420340362210503e+00
2.632340956977483604e+00
2.639177016960032596e+00
2.645929811164003276e+00
2.652600606559860630e+00
2.659190646754611365e+00
2.665701152498979987e+00
2.672133322181924342e+00
2.678488332312829456e+00
2.684767337991742053e+00
2.690971473367965494e+00
2.697101852087359752e+00
2.703159567728648405e+00
2.709145694229034174e+00
2.715061286299437437e+00
2.720907379829619721e+00
2.726684992283497699e+00
2.732395123084887967e+00
2.738038753993970786e+00
2.743616849474701525e+00
2.749130357053439333e+00
2.754580207669009795e+00
2.759967316014447114e+00
2.765292580870630346e+00
2.770556885432035266e+00
2.775761097624822149e+00
2.780906070417431319e+00
2.785992642123934715e+00
2.791021636700289577e+00
2.795993864033703868e+00
2.800910120225299060e+00
2.805771187866228811e+00
2.810577836307435629e+00
2.815330821923216043e+00
2.820030888368739497e+00
2.824678766831695054e+00
2.829275176278203574e+00
2.833820823693148583e+00
2.838316404315074593e+00
2.842762601865783001e+00
2.847160088774760567e+00
2.851509526398582572e+00
2.855811565235408800e+00
2.860066845134692670e+00
2.864275995502242100e+00
2.868439635500727114e+00
2.872558374245758994e+00
2.876632810997655998e+00
2.880663535348997772e+00
2.884651127408063509e+00
2.888596157978275514e+00
2.892499188733738791e+00
2.896360772390955240e+00
2.900181452876839927e+00
2.903961765493098923e+00
2.907702237077079754e+00
2.911403386159157947e+00
2.915065723116774699e+00
2.918689750325171417e+00
2.922275962304927255e+00
2.925824845866367596e+00
2.929336880250912323e+00
2.932812537269447350e+00
2.936252281437787381e+00
2.939656570109293376e+00
2.943025853604718023e+00
2.946360575339347143e+00
2.949661171947490335e+00
2.952928073404391451e+00
2.956161703145628650e+00
2.959362478184030643e+00
2.962530809224208639e+00
2.965667100774727061e+00
2.968771751257984537e+00
2.971845153117851801e+00
2.974887692925120675e+00
2.977899751480814317e+00
2.980881703917403147e+00
2.983833919797983292e+00
2.986756763213457511e+00
2.989650592877765689e+00
2.992515762221204412e+00
2.995352619481895573e+00
2.998161507795416902e+00
3.000942765282671676e+00
3.003696725135997614e+00
3.006423715703595789e+00
3.009124060572280435e+00
3.011798078648608712e+00
3.014446084238421975e+00
3.017068387124831386e+00
3.019665292644681198e+00
3.022237101763526557e+00
3.024784111149156907e+00
3.027306613243700983e+00
3.029804896334332032e+00
3.032279244622620773e+00
3.034729938292554330e+00
3.037157253577251304e+00
3.039561462824400984e+00
3.041942834560465325e+00
3.044301633553649467e+00
3.046638120875686973e+00
3.048952553962451795e+00
3.051245186673433807e+00
3.053516269350086354e+00
3.055766048873087115e+00
3.057994768718525158e+00
3.060202669013036836e+00
3.062389986587917612e+00
3.064556955032225805e+00
3.066703804744905781e+00
3.068830762985947036e+00
3.070938053926594691e+00
3.073025898698646063e+00
3.075094515442831966e+00
3.077144119356323149e+00
3.079174922739358333e+00
3.081187135041032477e+00
3.083180962904248368e+00
3.085156610209854655e+00
3.087114278119981403e+00
3.089054165120601159e+00
3.090976467063320854e+00
3.092881377206421867e+00
3.094769086255166002e+00
3.096639782401380714e+00
3.098493651362341783e+00
3.100330876418961878e+00
3.102151638453299665e+00
3.103956115985411213e+00
3.105744485209542827e+00
3.107516920029691931e+00
3.109273592094544458e+00
3.111014670831790063e+00
3.112740323481848925e+00
3.114450715131003022e+00
3.116146008743951423e+00
3.117826365195800697e+00
3.119491943303501102e+00
3.121142899856740094e+00
3.122779389648298487e+00
3.124401565503891476e+00
3.126009578311488735e+00
3.127603577050139805e+00
3.129183708818301213e+00
3.130750118861684417e+00
3.132302950600624136e+00
3.133842345656991935e+00
3.135368443880641287e+00
3.136881383375416110e+00
3.138381300524715201e+00
3.139868330016627240e+00
3.141342604868648358e+00
3.142804256451973366e+00
3.144253414515400191e+00
3.145690207208813760e+00
3.147114761106299063e+00
3.148527201228856320e+00
3.149927651066745327e+00
3.151316232601462097e+00
3.152693066327348692e+00
3.154058271272850877e+00
3.155411965021422294e+00
3.156754263732096000e+00
3.158085282159705631e+00
3.159405133674784594e+00
3.160713930283143291e+00
3.162011782645126168e+00
3.163298800094549001e+00
3.164575090657344880e+00
3.165840761069894871e+00
3.167095916797072697e+00
3.168340662049993650e+00
3.169575099803483731e+00
3.170799331813266342e+00
3.172013458632873206e+00
3.173217579630287943e+00
3.174411793004325855e+00
3.175596195800752142e+00
3.176770883928142553e+00
3.177935952173501111e+00
3.179091494217618941e+00
3.180237602650207052e+00
3.181374368984775991e+00
3.182501883673293896e+00
3.183620236120609182e+00
3.184729514698651620e+00
3.185829806760406946e+00
3.186921198653680509e+00
3.188003775734645551e+00
3.189077622381176980e+00
3.190142822005987089e+00
3.191199457069552103e+00
3.192247609092844662e+00
3.193287358669866016e+00
3.194318785479990375e+00
3.195341968300120516e+00
3.196356985016652885e+00
3.197363912637265937e+00
3.198362827302525968e+00
3.199353804297320636e+00
3.200336918062116176e+00
3.201312242204041869e+00
3.202279849507814635e+00
3.203239811946493987e+00
3.204192200692078885e+00
3.205137086125939838e+00
3.206074537849101791e+00
3.207004624692369799e+00
3.207927414726304605e+00
3.208842975271050779e+00
3.209751372906015199e+00
3.210652673479408303e+00
3.211546942117640135e+00
3.212434243234578268e+00
3.213314640540668954e+00
3.214188197051926377e+00
3.215054975098788681e+00
3.215915036334843435e+00
3.216768441745427420e+00
3.217615251656099851e+00
3.218455525740993473e+00
3.219289323031039096e+00
3.220116701922082214e+00
3.220937720182869501e+00
3.221752434962926515e+00
3.222560902800324367e+00
3.223363179629325614e+00
3.224159320787929772e+00
3.224949381025306039e+00
3.225733414509119434e+00
3.226511474832753912e+00
3.227283615022430219e+00
3.228049887544227836e+00
3.228810344310998115e+00
3.229565036689189483e+00
3.230314015505569181e+00
3.231057331053851289e+00
3.231795033101234615e+00
3.232527170894844204e+00
3.233253793168086254e+00
3.233974948146908890e+00
3.234690683555983437e+00
3.235401046624790222e+00
3.236106084093624879e+00
3.236805842219521168e+00
3.237500366782089856e+00
3.238189703089275895e+00
3.238873895983038764e+00
3.239552989844951547e+00
3.240227028601724513e+00
3.240896055730653647e+00
3.241560114264988357e+00
3.242219246799236565e+00
3.242873495494384084e+00
3.243522902083053161e+00
3.244167507874587297e+00
3.244807353760062352e+00
3.245442480217237247e+00
3.246072927315432288e+00
3.246698734720341761e+00
3.247319941698784795e+00
3.247936587123388730e+00
3.248548709477208085e+00
3.249156346858289801e+00
3.249759536984165198e+00
3.250358317196289981e+00
3.250952724464424293e+00
3.251542795390950147e+00
3.252128566215135130e+00
3.252710072817337039e+00
3.253287350723156557e+00
3.253860435107527760e+00
3.254429360798760662e+00
3.254994162282529135e+00
3.255554873705804653e+00
3.256111528880738515e+00
3.256664161288494785e+00
3.257212804083030822e+00
3.257757490094828956e+00
3.258298251834580661e+00
3.258835121496820086e+00
3.259368130963512744e+00
3.259897311807595788e+00
3.260422695296474771e+00
3.260944312395468891e+00
3.261462193771222040e+00
3.261976369795057451e+00
3.262486870546299933e+00
3.262993725815549695e+00
3.263496965107912207e+00
3.263996617646196086e+00
3.264492712374053696e+00
3.264985277959100429e+00
3.265474342795980700e+00
3.265959935009398851e+00
3.266442082457112761e+00
3.266920812732889701e+00
3.267396153169420003e+00
3.267868130841200536e+00
3.268336772567376869e+00
3.268802104914550810e+00
3.269264154199554184e+00
3.269722946492184867e+00
3.270178507617910846e+00
3.270630863160540525e+00
3.271080038464854844e+00
3.271526058639214973e+00
3.271968948558128698e+00
3.272408732864792391e+00
3.272845435973594341e+00
3.273279082072592328e+00
3.273709695125959218e+00
3.274137298876395263e+00
3.274561916847515519e+00
3.274983572346204852e+00
3.275402288464943190e+00
3.275818088084102353e+00
3.276230993874219344e+00
3.276641028298235003e+00
3.277048213613709571e+00
3.277452571875010268e+00
3.277854124935469571e+00
3.278252894449523502e+00
3.278648901874816168e+00
3.279042168474283425e+00
3.279432715318213454e+00
3.279820563286273583e+00
3.280205733069522900e+00
3.280588245172396000e+00
3.280968119914658310e+00
3.281345377433346755e+00
3.281720037684682012e+00
3.282092120445958550e+00
3.282461645317408472e+00
3.282828631724052926e+00
3.283193098917521091e+00
3.283555065977850962e+00
3.283914551815272809e+00
3.284271575171964219e+00
3.284626154623792704e+00
3.284978308582026330e+00
3.285328055295036354e+00
3.285675412849973220e+00
3.286020399174421680e+00
3.286363032038040366e+00
3.286703329054179612e+00
3.287041307681481950e+00
3.287376985225461290e+00
3.287710378840065228e+00
3.288041505529220920e+00
3.288370382148359639e+00
3.288697025405924457e+00
3.289021451864862833e+00
3.289343677944098765e+00
3.289663719919988516e+00
3.289981593927760350e+00
3.290297315962939617e+00
3.290610901882751627e+00
3.290922367407514759e+00
3.291231728122011368e+00
3.291538999476850247e+00
3.291844196789805999e+00
3.292147335247149531e+00
3.292448429904955898e+00
3.292747495690407256e+00
3.293044547403069622e+00
3.293339599716165189e+00
3.293632667177822881e+00
3.293923764212319583e+00
3.294212905121304047e+00
3.294500104085007930e+00
3.294785375163446162e+00
3.295068732297596004e+00
3.295350189310571665e+00
3.295629759908782486e+00
3.295907457683073360e+00
3.296183296109859828e+00
3.296457288552247178e+00
3.296729448261134898e+00
3.296999788376311802e+00
3.297268321927539159e+00
3.297535061835617842e+00
3.297800020913450147e+00
3.298063211867080291e+00
3.298324647296737133e+00
3.298584339697849366e+00
3.298842301462061144e+00
3.299098544878233064e+00
3.299353082133431592e+00
3.299605925313905619e+00
3.299857086406058571e+00
3.300106577297400090e+00
3.300354409777499498e+00
3.300600595538915272e+00
3.300845146178127631e+00
3.301088073196450701e+00
3.301329388000938891e+00
3.301569101905286630e+00
3.301807226130709871e+00
3.302043771806825845e+00
3.302278749972520355e+00
3.302512171576806210e+00
3.302744047479668765e+00
3.302974388452910581e+00
3.303203205180976987e+00
3.303430508261780751e+00
3.303656308207512993e+00
3.303880615445449642e+00
3.304103440318743701e+00
3.304324793087214385e+00
3.304544683928122950e+00
3.304763122936946296e+00
3.304980120128136800e+00
3.305195685435876385e+00
3.305409828714822140e+00
3.305622559740844402e+00
3.305833888211756832e+00
3.306043823748038957e+00
3.306252375893549811e+00
3.306459554116235822e+00
3.306665367808831135e+00
3.306869826289548175e+00
3.307072938802763762e+00
3.307274714519698566e+00
3.307475162539082802e+00
3.307674291887825468e+00
3.307872111521667158e+00
3.308068630325832871e+00
3.308263857115671946e+00
3.308457800637297996e+00
3.308650469568215957e+00
3.308841872517944260e+00
3.309032018028637445e+00
3.309220914575688344e+00
3.309408570568338703e+00
3.309594994350273378e+00
3.309780194200214076e+00
3.309964178332502893e+00
3.310146954897683180e+00
3.310328531983073308e+00
3.310508917613331548e+00
3.310688119751023173e+00
3.310866146297170243e+00
3.311043005091805824e+00
3.311218703914519335e+00
3.311393250484993889e+00
3.311566652463538318e+00
3.311738917451621411e+00
3.311910052992386611e+00
3.312080066571177817e+00
3.312248965616045204e+00
3.312416757498257258e+00
3.312583449532798152e+00
3.312749048978868682e+00
3.312913563040376541e+00
3.313076998866423928e+00
3.313239363551787608e+00
3.313400664137399421e+00
3.313560907610815676e+00
3.313720100906687449e+00
3.313878250907222878e+00
3.314035364442642795e+00
3.314191448291639475e+00
3.314346509181821165e+00
3.314500553790161952e+00
3.314653588743437851e+00
3.314805620618664683e+00
3.314956655943527952e+00
3.315106701196815830e+00
3.315255762808835716e+00
3.315403847161836115e+00
3.315550960590422314e+00
3.315697109381966268e+00
3.315842299777013835e+00
3.315986537969687120e+00
3.316129830108081933e+00
3.316272182294667914e+00
3.316413600586671784e+00
3.316554090996471693e+00
3.316693659491975144e+00
3.316832311997004012e+00
3.316970054391665812e+00
3.317106892512728500e+00
3.317242832153988630e+00
3.317377879066636837e+00
3.317512038959619325e+00
3.317645317499995805e+00
3.317777720313292544e+00
3.317909252983858082e+00
3.318039921055206065e+00
3.318169730030362086e+00
3.318298685372206069e+00
3.318426792503807565e+00
3.318554056808760588e+00
3.318680483631517131e+00
3.318806078277714455e+00
3.318930846014499725e+00
3.319054792070852855e+00
3.319177921637902706e+00
3.319300239869248603e+00
3.319421751881266758e+00
3.319542462753424239e+00
3.319662377528587172e+00
3.319781501213317831e+00
3.319899838778185508e+00
3.320017395158056939e+00
3.320134175252396069e+00
3.320250183925554488e+00
3.320365426007062748e+00
3.320479906291917249e+00
3.320593629540866232e+00
3.320706600480686888e+00
3.320818823804472242e+00
3.320930304171898939e+00
3.321041046209509684e+00
3.321151054510977030e+00
3.321260333637378714e+00
3.321368888117460116e+00
3.321476722447899821e+00
3.321583841093569855e+00
3.321690248487796371e+00
3.321795949032614992e+00
3.321900947099026613e+00
3.322005247027245645e+00
