0.000000000000000000e+00	0.000000000000000000e+00	0.000000000000000000e+00	0.000000000000000000e+00
0.000000000000000000e+00	0.000000000000000000e+00	0.000000000000000000e+00	0.000000000000000000e+00
0.000000000000000000e+00	0.000000000000000000e+00	0.000000000000000000e+00	0.000000000000000000e+00
0.000000000000000000e+00	0.000000000000000000e+00	0.000000000000000000e+00	0.000000000000000000e+00
0.000000000000000000e+00	0.000000000000000000e+00	0.000000000000000000e+00	0.000000000000000000e+00
0.000000000000000000e+00	0.000000000000000000e+00	0.000000000000000000e+00	0.000000000000000000e+00
0.000000000000000000e+00	0.000000000000000000e+00	0.000000000000000000e+00	0.000000000000000000e+00
0.000000000000000000e+00	0.000000000000000000e+00	0.000000000000000000e+00	0.000000000000000000e+00
0.000000000000000000e+00	0.000000000000000000e+00	0.000000000000000000e+00	0.000000000000000000e+00
0.000000000000000000e+00	0.000000000000000000e+00	0.000000000000000000e+00	0.000000000000000000e+00
0.000000000000000000e+00	0.000000000000000000e+00	0.000000000000000000e+00	0.000000000000000000e+00
0.000000000000000000e+00	0.000000000000000000e+00	0.000000000000000000e+00	0.000000000000000000e+00
0.000000000000000000e+00	0.000000000000000000e+00	0.000000000000000000e+00	0.000000000000000000e+00
0.000000000000000000e+00	0.000000000000000000e+00	0.000000000000000000e+00	0.000000000000000000e+00
0.000000000000000000e+00	0.000000000000000000e+00	0.000000000000000000e+00	0.000000000000000000e+00
0.000000000000000000e+00	0.000000000000000000e+00	0.000000000000000000e+00	0.000000000000000000e+00
0.000000000000000000e+00	0.000000000000000000e+00	0.000000000000000000e+00	0.000000000000000000e+00
0.000000000000000000e+00	0.000000000000000000e+00	0.000000000000000000e+00	0.000000000000000000e+00
0.000000000000000000e+00	0.000000000000000000e+00	0.000000000000000000e+00	0.000000000000000000e+00
0.000000000000000000e+00	0.000000000000000000e+00	0.000000000000000000e+00	0.000000000000000000e+00
0.000000000000000000e+00	0.000000000000000000e+00	0.000000000000000000e+00	0.000000000000000000e+00
0.000000000000000000e+00	0.000000000000000000e+00	0.000000000000000000e+00	0.000000000000000000e+00
0.000000000000000000e+00	0.000000000000000000e+00	0.000000000000000000e+00	0.000000000000000000e+00
0.000000000000000000e+00	0.000000000000000000e+00	0.000000000000000000e+00	0.000000000000000000e+00
0.000000000000000000e+00	0.000000000000000000e+00	0.000000000000000000e+00	0.000000000000000000e+00
0.000000000000000000e+00	0.000000000000000000e+00	0.000000000000000000e+00	0.000000000000000000e+00
0.000000000000000000e+00	0.000000000000000000e+00	0.000000000000000000e+00	0.000000000000000000e+00
0.000000000000000000e+00	0.000000000000000000e+00	0.000000000000000000e+00	0.000000000000000000e+00
0.000000000000000000e+00	0.000000000000000000e+00	0.000000000000000000e+00	0.000000000000000000e+00
0.000000000000000000e+00	0.000000000000000000e+00	0.000000000000000000e+00	0.000000000000000000e+00
0.000000000000000000e+00	0.000000000000000000e+00	0.000000000000000000e+00	0.000000000000000000e+00
0.000000000000000000e+00	0.000000000000000000e+00	0.000000000000000000e+00	0.000000000000000000e+00
0.000000000000000000e+00	0.000000000000000000e+00	0.000000000000000000e+00	0.000000000000000000e+00
0.000000000000000000e+00	0.000000000000000000e+00	0.000000000000000000e+00	0.000000000000000000e+00
0.000000000000000000e+00	0.000000000000000000e+00	0.000000000000000000e+00	0.000000000000000000e+00
0.000000000000000000e+00	0.000000000000000000e+00	0.000000000000000000e+00	0.000000000000000000e+00
0.000000000000000000e+00	0.000000000000000000e+00	0.000000000000000000e+00	0.000000000000000000e+00
0.000000000000000000e+00	0.000000000000000000e+00	0.000000000000000000e+00	0.000000000000000000e+00
0.000000000000000000e+00	0.000000000000000000e+00	0.000000000000000000e+00	0.000000000000000000e+00
0.000000000000000000e+00	0.000000000000000000e+00	0.000000000000000000e+00	0.000000000000000000e+00
0.000000000000000000e+00	0.000000000000000000e+00	0.000000000000000000e+00	0.000000000000000000e+00
0.000000000000000000e+00	0.000000000000000000e+00	0.000000000000000000e+00	0.000000000000000000e+00
0.000000000000000000e+00	0.000000000000000000e+00	0.000000000000000000e+00	0.000000000000000000e+00
0.000000000000000000e+00	0.000000000000000000e+00	0.000000000000000000e+00	0.000000000000000000e+00
0.000000000000000000e+00	0.000000000000000000e+00	0.000000000000000000e+00	0.000000000000000000e+00
0.000000000000000000e+00	0.000000000000000000e+00	0.000000000000000000e+00	0.000000000000000000e+00
0.000000000000000000e+00	0.000000000000000000e+00	0.000000000000000000e+00	0.000000000000000000e+00
0.000000000000000000e+00	0.000000000000000000e+00	0.000000000000000000e+00	0.000000000000000000e+00
0.000000000000000000e+00	0.000000000000000000e+00	0.000000000000000000e+00	0.000000000000000000e+00
0.000000000000000000e+00	0.000000000000000000e+00	0.000000000000000000e+00	0.000000000000000000e+00
0.000000000000000000e+00	0.000000000000000000e+00	0.000000000000000000e+00	0.000000000000000000e+00
0.000000000000000000e+00	0.000000000000000000e+00	0.000000000000000000e+00	0.000000000000000000e+00
0.000000000000000000e+00	0.000000000000000000e+00	0.000000000000000000e+00	0.000000000000000000e+00
0.000000000000000000e+00	0.000000000000000000e+00	0.000000000000000000e+00	0.000000000000000000e+00
0.000000000000000000e+00	0.000000000000000000e+00	0.000000000000000000e+00	0.000000000000000000e+00
0.000000000000000000e+00	0.000000000000000000e+00	0.000000000000000000e+00	0.000000000000000000e+00
0.000000000000000000e+00	0.000000000000000000e+00	0.000000000000000000e+00	0.000000000000000000e+00
0.000000000000000000e+00	0.000000000000000000e+00	0.000000000000000000e+00	0.000000000000000000e+00
0.000000000000000000e+00	0.000000000000000000e+00	0.000000000000000000e+00	0.000000000000000000e+00
0.000000000000000000e+00	0.000000000000000000e+00	0.000000000000000000e+00	0.000000000000000000e+00
0.000000000000000000e+00	0.000000000000000000e+00	0.000000000000000000e+00	0.000000000000000000e+00
0.000000000000000000e+00	0.000000000000000000e+00	0.000000000000000000e+00	0.000000000000000000e+00
0.000000000000000000e+00	0.000000000000000000e+00	0.000000000000000000e+00	0.000000000000000000e+00
0.000000000000000000e+00	0.000000000000000000e+00	0.000000000000000000e+00	0.000000000000000000e+00
0.000000000000000000e+00	0.000000000000000000e+00	0.000000000000000000e+00	0.000000000000000000e+00
0.000000000000000000e+00	0.000000000000000000e+00	0.000000000000000000e+00	0.000000000000000000e+00
0.000000000000000000e+00	0.000000000000000000e+00	0.000000000000000000e+00	0.000000000000000000e+00
0.000000000000000000e+00	0.000000000000000000e+00	0.000000000000000000e+00	0.000000000000000000e+00
0.000000000000000000e+00	0.000000000000000000e+00	0.000000000000000000e+00	0.000000000000000000e+00
0.000000000000000000e+00	0.000000000000000000e+00	0.000000000000000000e+00	0.000000000000000000e+00
0.000000000000000000e+00	0.000000000000000000e+00	0.000000000000000000e+00	0.000000000000000000e+00
0.000000000000000000e+00	0.000000000000000000e+00	0.000000000000000000e+00	0.000000000000000000e+00
0.000000000000000000e+00	0.000000000000000000e+00	0.000000000000000000e+00	0.000000000000000000e+00
0.000000000000000000e+00	0.000000000000000000e+00	0.000000000000000000e+00	0.000000000000000000e+00
0.000000000000000000e+00	0.000000000000000000e+00	0.000000000000000000e+00	0.000000000000000000e+00
0.000000000000000000e+00	0.000000000000000000e+00	0.000000000000000000e+00	0.000000000000000000e+00
0.000000000000000000e+00	0.000000000000000000e+00	0.000000000000000000e+00	0.000000000000000000e+00
0.000000000000000000e+00	0.000000000000000000e+00	0.000000000000000000e+00	0.000000000000000000e+00
0.000000000000000000e+00	0.000000000000000000e+00	0.000000000000000000e+00	0.000000000000000000e+00
0.000000000000000000e+00	0.000000000000000000e+00	0.000000000000000000e+00	0.000000000000000000e+00
0.000000000000000000e+00	0.000000000000000000e+00	0.000000000000000000e+00	0.000000000000000000e+00
0.000000000000000000e+00	0.000000000000000000e+00	0.000000000000000000e+00	0.000000000000000000e+00
0.000000000000000000e+00	0.000000000000000000e+00	0.000000000000000000e+00	0.000000000000000000e+00
0.000000000000000000e+00	0.000000000000000000e+00	0.000000000000000000e+00	0.000000000000000000e+00
0.000000000000000000e+00	0.000000000000000000e+00	0.000000000000000000e+00	0.000000000000000000e+00
0.000000000000000000e+00	0.000000000000000000e+00	0.000000000000000000e+00	0.000000000000000000e+00
0.000000000000000000e+00	0.000000000000000000e+00	0.000000000000000000e+00	0.000000000000000000e+00
0.000000000000000000e+00	0.000000000000000000e+00	0.000000000000000000e+00	0.000000000000000000e+00
0.000000000000000000e+00	0.000000000000000000e+00	0.000000000000000000e+00	0.000000000000000000e+00
0.000000000000000000e+00	0.000000000000000000e+00	0.000000000000000000e+00	0.000000000000000000e+00
0.000000000000000000e+00	0.000000000000000000e+00	0.000000000000000000e+00	0.000000000000000000e+00
0.000000000000000000e+00	0.000000000000000000e+00	0.000000000000000000e+00	0.000000000000000000e+00
0.000000000000000000e+00	0.000000000000000000e+00	0.000000000000000000e+00	0.000000000000000000e+00
0.000000000000000000e+00	0.000000000000000000e+00	0.000000000000000000e+00	0.000000000000000000e+00
0.000000000000000000e+00	0.000000000000000000e+00	0.000000000000000000e+00	0.000000000000000000e+00
0.000000000000000000e+00	0.000000000000000000e+00	0.000000000000000000e+00	0.000000000000000000e+00
0.000000000000000000e+00	0.000000000000000000e+00	0.000000000000000000e+00	0.000000000000000000e+00
0.000000000000000000e+00	0.000000000000000000e+00	0.000000000000000000e+00	0.000000000000000000e+00
0.000000000000000000e+00	0.000000000000000000e+00	0.000000000000000000e+00	0.000000000000000000e+00
0.000000000000000000e+00	0.000000000000000000e+00	0.000000000000000000e+00	0.000000000000000000e+00
0.000000000000000000e+00	0.000000000000000000e+00	0.000000000000000000e+00	0.000000000000000000e+00
0.000000000000000000e+00	0.000000000000000000e+00	0.000000000000000000e+00	0.000000000000000000e+00
0.000000000000000000e+00	0.000000000000000000e+00	0.000000000000000000e+00	0.000000000000000000e+00
0.000000000000000000e+00	0.000000000000000000e+00	0.000000000000000000e+00	0.000000000000000000e+00
0.000000000000000000e+00	0.000000000000000000e+00	0.000000000000000000e+00	0.000000000000000000e+00
0.000000000000000000e+00	0.000000000000000000e+00	0.000000000000000000e+00	0.000000000000000000e+00
0.000000000000000000e+00	0.000000000000000000e+00	0.000000000000000000e+00	0.000000000000000000e+00
0.000000000000000000e+00	0.000000000000000000e+00	0.000000000000000000e+00	0.000000000000000000e+00
0.000000000000000000e+00	0.000000000000000000e+00	0.000000000000000000e+00	0.000000000000000000e+00
0.000000000000000000e+00	0.000000000000000000e+00	0.000000000000000000e+00	0.000000000000000000e+00
0.000000000000000000e+00	0.000000000000000000e+00	0.000000000000000000e+00	0.000000000000000000e+00
0.000000000000000000e+00	0.000000000000000000e+00	0.000000000000000000e+00	0.000000000000000000e+00
0.000000000000000000e+00	0.000000000000000000e+00	0.000000000000000000e+00	0.000000000000000000e+00
0.000000000000000000e+00	0.000000000000000000e+00	0.000000000000000000e+00	0.000000000000000000e+00
0.000000000000000000e+00	0.000000000000000000e+00	0.000000000000000000e+00	0.000000000000000000e+00
0.000000000000000000e+00	0.000000000000000000e+00	0.000000000000000000e+00	0.000000000000000000e+00
0.000000000000000000e+00	0.000000000000000000e+00	0.000000000000000000e+00	0.000000000000000000e+00
0.000000000000000000e+00	0.000000000000000000e+00	0.000000000000000000e+00	0.000000000000000000e+00
0.000000000000000000e+00	0.000000000000000000e+00	0.000000000000000000e+00	0.000000000000000000e+00
0.000000000000000000e+00	0.000000000000000000e+00	0.000000000000000000e+00	0.000000000000000000e+00
0.000000000000000000e+00	0.000000000000000000e+00	0.000000000000000000e+00	0.000000000000000000e+00
0.000000000000000000e+00	0.000000000000000000e+00	0.000000000000000000e+00	0.000000000000000000e+00
0.000000000000000000e+00	0.000000000000000000e+00	0.000000000000000000e+00	0.000000000000000000e+00
0.000000000000000000e+00	0.000000000000000000e+00	0.000000000000000000e+00	0.000000000000000000e+00
0.000000000000000000e+00	0.000000000000000000e+00	0.000000000000000000e+00	0.000000000000000000e+00
0.000000000000000000e+00	0.000000000000000000e+00	0.000000000000000000e+00	0.000000000000000000e+00
0.000000000000000000e+00	0.000000000000000000e+00	0.000000000000000000e+00	0.000000000000000000e+00
0.000000000000000000e+00	0.000000000000000000e+00	0.000000000000000000e+00	0.000000000000000000e+00
0.000000000000000000e+00	0.000000000000000000e+00	0.000000000000000000e+00	0.000000000000000000e+00
0.000000000000000000e+00	0.000000000000000000e+00	0.000000000000000000e+00	0.000000000000000000e+00
0.000000000000000000e+00	0.000000000000000000e+00	0.000000000000000000e+00	0.000000000000000000e+00
0.000000000000000000e+00	0.000000000000000000e+00	0.000000000000000000e+00	0.000000000000000000e+00
0.000000000000000000e+00	0.000000000000000000e+00	0.000000000000000000e+00	0.000000000000000000e+00
0.000000000000000000e+00	0.000000000000000000e+00	0.000000000000000000e+00	0.000000000000000000e+00
0.000000000000000000e+00	0.000000000000000000e+00	0.000000000000000000e+00	0.000000000000000000e+00
0.000000000000000000e+00	0.000000000000000000e+00	0.000000000000000000e+00	0.000000000000000000e+00
0.000000000000000000e+00	0.000000000000000000e+00	0.000000000000000000e+00	0.000000000000000000e+00
0.000000000000000000e+00	0.000000000000000000e+00	0.000000000000000000e+00	0.000000000000000000e+00
0.000000000000000000e+00	0.000000000000000000e+00	0.000000000000000000e+00	0.000000000000000000e+00
0.000000000000000000e+00	0.000000000000000000e+00	0.000000000000000000e+00	0.000000000000000000e+00
0.000000000000000000e+00	0.000000000000000000e+00	0.000000000000000000e+00	0.000000000000000000e+00
0.000000000000000000e+00	0.000000000000000000e+00	0.000000000000000000e+00	0.000000000000000000e+00
0.000000000000000000e+00	0.000000000000000000e+00	0.000000000000000000e+00	0.000000000000000000e+00
0.000000000000000000e+00	0.000000000000000000e+00	0.000000000000000000e+00	0.000000000000000000e+00
0.000000000000000000e+00	0.000000000000000000e+00	0.000000000000000000e+00	0.000000000000000000e+00
0.000000000000000000e+00	0.000000000000000000e+00	0.000000000000000000e+00	0.000000000000000000e+00
0.000000000000000000e+00	0.000000000000000000e+00	0.000000000000000000e+00	0.000000000000000000e+00
0.000000000000000000e+00	0.000000000000000000e+00	0.000000000000000000e+00	0.000000000000000000e+00
0.000000000000000000e+00	0.000000000000000000e+00	0.000000000000000000e+00	0.000000000000000000e+00
0.000000000000000000e+00	0.000000000000000000e+00	0.000000000000000000e+00	0.000000000000000000e+00
0.000000000000000000e+00	0.000000000000000000e+00	0.000000000000000000e+00	0.000000000000000000e+00
0.000000000000000000e+00	0.000000000000000000e+00	0.000000000000000000e+00	0.000000000000000000e+00
0.000000000000000000e+00	0.000000000000000000e+00	0.000000000000000000e+00	0.000000000000000000e+00
0.000000000000000000e+00	0.000000000000000000e+00	0.000000000000000000e+00	0.000000000000000000e+00
0.000000000000000000e+00	0.000000000000000000e+00	0.000000000000000000e+00	0.000000000000000000e+00
0.000000000000000000e+00	0.000000000000000000e+00	0.000000000000000000e+00	0.000000000000000000e+00
0.000000000000000000e+00	0.000000000000000000e+00	0.000000000000000000e+00	0.000000000000000000e+00
0.000000000000000000e+00	0.000000000000000000e+00	0.000000000000000000e+00	0.000000000000000000e+00
0.000000000000000000e+00	0.000000000000000000e+00	0.000000000000000000e+00	0.000000000000000000e+00
0.000000000000000000e+00	0.000000000000000000e+00	0.000000000000000000e+00	0.000000000000000000e+00
-1.795601774372918169e-23	-6.933457333744858400e-23	-1.795601774372918169e-23	-6.933457333744858400e-23
-6.141014565261442558e-23	4.060730789312913224e-23	-6.343477552323520432e-23	3.736560848854820156e-23
6.684658328974834475e-23	2.706555809770813840e-23	6.371705192541873916e-23	3.378087368004517195e-23
-3.590081124964914006e-23	-6.160489893011889731e-23	-2.611939772368606957e-23	-6.634612937560864837e-23
1.164028671580389869e-23	7.065260737717345107e-23	-2.729005715085798172e-24	7.155305536331885954e-23
-5.176996276631574713e-24	-7.199703084031203969e-23	1.274214267136553208e-23	-7.104935988741676868e-23
1.853387491128777363e-23	6.817687691908540370e-23	-2.166933866502401287e-24	7.061795425588019367e-23
-3.951030297404090663e-23	-5.133732151226636883e-23	-2.000178567805351169e-23	-6.161585178217960356e-23
6.099644621361780042e-23	2.452463231498188419e-23	4.722568214765381303e-23	4.573575173280302475e-23
-5.834275531415971337e-23	3.734605867483962454e-23	-6.861187372591191645e-23	9.540229557615151736e-24
-2.184611781178046288e-24	-6.281736129822874162e-23	2.675876474341766600e-23	-5.687496741549041333e-23
6.739059539514945251e-23	1.001469448950491941e-23	5.363445034498047339e-23	4.201347628586192358e-23
-1.692981809638766981e-23	6.289925224492959851e-23	-4.769270390287736082e-23	4.436598548641202729e-23
-6.205454261503119111e-23	3.334821501778345672e-25	-5.142426707832967898e-23	-3.473358928993414149e-23
-2.757082519771374990e-23	-6.025945573344666772e-23	1.383779564966888039e-23	-6.480638717697592761e-23
3.627119906832818854e-23	-5.577231713639608334e-23	6.324713513062189227e-23	-2.063858373013726022e-23
6.306415867307570858e-23	-1.447015752257852047e-23	5.703596235063429784e-23	3.055114673147528859e-23
6.046552995951211808e-23	2.052064850065817839e-23	2.996553030241098231e-23	5.638478803602538706e-23
4.903462573469252626e-23	4.046279331323289700e-23	5.627672493922641118e-24	6.332425653690630705e-23
4.197602397097844612e-23	4.724294533874592993e-23	-6.450227571404507724e-24	6.286713797341967039e-23
4.609478537579546859e-23	4.508074931574179778e-23	-4.375387608831875991e-24	6.432619358381065835e-23
5.589351332236497299e-23	3.137012242900783067e-23	1.020032358620689786e-23	6.327813849557366826e-23
5.823439527657856209e-23	6.491531131629002174e-24	2.940847497577798152e-23	5.068063110558849665e-23
5.370810968137701263e-23	-2.200399148176908731e-23	4.858093086589056506e-23	3.175893327679868897e-23
2.601473789666855747e-23	-5.764881645513153495e-23	6.257537222436195490e-23	-9.191050946021199830e-24
-3.089178409151678999e-23	-4.833752040063725851e-23	2.572512970198350972e-23	-5.127412509887456823e-23
-6.044365617954601900e-23	-1.404298753935586728e-24	-2.801762954521746595e-23	-5.357630130951962228e-23
-1.316631087771151912e-23	5.616720316065285094e-23	-5.599020323375870810e-23	1.389976959740670942e-23
5.277567408356486448e-23	2.902908290347128653e-23	-3.624388333733489372e-24	6.012340009012768032e-23
2.217477485506277136e-23	-5.014885387866164527e-23	5.483228197897338731e-23	2.214456918324527426e-25
-5.830932215100376507e-23	-1.778480780309404405e-23	-5.260607028318729853e-24	-6.073386577516811721e-23
-2.478187339660790222e-24	5.613690973258420510e-23	-5.353019446225315409e-23	1.708836819734770637e-23
4.803399622186882092e-23	-2.419396163785699123e-23	3.823865097738613797e-23	3.782086916249083229e-23
-5.147922335898906128e-23	-2.557265106737796698e-23	9.445516972785323858e-24	-5.669967486128449146e-23
1.311635732822497783e-23	5.727077909270909648e-23	-5.174924242608225604e-23	2.782079933744058840e-23
2.848836279022212672e-23	-5.119329444021235611e-23	5.650973743784598357e-23	1.545929444752566792e-23
-4.931661087792348357e-23	2.705419240245717469e-23	-3.690510156032337119e-23	-4.245080580926479783e-23
5.410004822675131133e-23	-4.056359273508923097e-24	1.406587752946801646e-23	5.239675904117168163e-23
-5.339937669146100883e-23	-1.147072065977490188e-23	2.739031658767917224e-24	-5.454877238823439171e-23
5.130422500539762867e-23	1.895238826668770626e-23	-1.182923108140006909e-23	5.339836904287047323e-23
-5.093117470875609294e-23	-2.031622315019298023e-23	1.456471134908648810e-23	-5.286400158538951033e-23
5.423832342545524020e-23	1.485783313987061844e-23	-1.014514580335733593e-23	5.531389473039433016e-23
-5.679585057997914778e-23	4.517916550794254568e-25	-3.950778186242048487e-24	-5.666007510166246316e-23
4.950078596513106481e-23	-2.108634605969398914e-23	2.293888855608629517e-23	4.867000301136565569e-23
-3.357790986280145144e-23	3.668609546428985865e-23	-3.715927144963342487e-23	-3.305350475368483279e-23
1.219643354077529170e-23	-4.950947703407179875e-23	4.939833484580180511e-23	1.263905937021716278e-23
2.592214359688898750e-23	4.855633509564651777e-23	-4.935425457531264087e-23	2.436868404107364636e-23
-5.009263487212513919e-23	-1.044869739180149194e-23	1.314423881771701005e-23	-4.945377974958342703e-23
4.098801623285768299e-23	-2.928898203300388446e-23	2.608377301751559808e-23	4.309870912690256491e-23
7.853704719318979472e-24	5.386661174638259494e-23	-5.437633807031463619e-23	2.550763986853057964e-24
-4.614450170418342954e-23	-1.380730173142679618e-23	1.919962796355897009e-23	-4.417387128938297334e-23
3.266106427431064016e-23	-4.171565359654839732e-23	3.673878604503122219e-23	3.817332150147915673e-23
3.199816993629238062e-23	3.522318979053191289e-23	-3.989678810667879647e-23	2.593843243263652954e-23
-4.447966235997026684e-23	2.704762678288740989e-23	-1.858138790513753855e-23	-4.862865926346450541e-23
-2.426792481879151682e-23	-3.964583067013353146e-23	4.369932023930647398e-23	-1.584592929297482969e-23
4.211556568205658254e-23	-3.058079963121609239e-23	2.059733370510419322e-23	4.779807551612080239e-23
3.150858415338872107e-23	3.537397925152485246e-23	-4.186317613917362644e-23	2.217168841065140397e-23
-2.199614107698917209e-23	4.287133964836420685e-23	-3.578373558852386001e-23	-3.226927722857806100e-23
-5.026107441649855977e-23	-9.628847455628934998e-24	2.307998598175267529e-23	-4.567498825294515702e-23
-1.047150589644769147e-23	-4.551716011769910669e-23	4.658831644532822320e-23	3.315580146755135452e-24
3.026098950766277680e-23	-3.477241243693129229e-23	2.366808956448903662e-23	3.955590586795170229e-23
4.947660014641637317e-23	4.627463171732743938e-24	-2.056731327877320011e-23	4.523641234610577476e-23
2.589355853272578924e-23	4.233540690405435060e-23	-4.865939759708654766e-23	9.748131959929417357e-24
-1.127875765613898651e-23	4.489959687420238005e-23	-3.781763844100684360e-23	-2.670225452049095236e-23
-3.407344667326264675e-23	2.785241498501245798e-23	-1.297891564948747701e-23	-4.205121326735423682e-23
-4.400865039805618115e-23	6.229285309224382667e-24	1.152343881402268275e-23	-4.292756297789946045e-23
-4.322693804844859958e-23	-1.604739547450020748e-23	3.226522177384593075e-23	-3.293998388651641694e-23
-3.291499142439310644e-23	-3.419211858421755199e-23	4.489476636891257199e-23	-1.539342672785445556e-23
-1.800237308263363020e-23	-4.497407324214163978e-23	4.831940760390127594e-23	3.462304060001062526e-24
-3.939305335233436538e-24	-4.866991055714802851e-23	4.520846689764818421e-23	1.845190615977753280e-23
7.038199749308508503e-24	-4.793809346557016082e-23	3.915578095643245072e-23	2.853807769484113255e-23
1.333150251269732432e-23	-4.626057194099640755e-23	3.422036955774125962e-23	3.386348745899888298e-23
1.554567502928452638e-23	-4.466023922697765040e-23	3.121461810155832044e-23	3.552256461322663404e-23
1.349767305347101859e-23	-4.452787888502079370e-23	3.159596935652393615e-23	3.415573006508686505e-23
8.502578060540926841e-24	-4.512787984497637376e-23	3.418632089740323529e-23	3.066129215277769850e-23
1.099617103448334991e-24	-4.462424404131513315e-23	3.723545575699402710e-23	2.461814673370002892e-23
-7.608988510651469705e-24	-4.205625300648979553e-23	3.944779752208458537e-23	1.644677457004032850e-23
-1.690545543369936733e-23	-3.762370587804474158e-23	4.068052344220070237e-23	6.814152910448458234e-24
-2.812533781385472854e-23	-3.085329209863577410e-23	4.135841474528441792e-23	-5.695769502378706971e-24
-4.089131117218958305e-23	-1.697820942756574079e-23	3.748794111504293205e-23	-2.355871804029652070e-23
-4.534758644361281248e-23	7.229884674718301790e-24	2.086867558486577871e-23	-4.090443995465883742e-23
-3.176705527909551717e-23	2.991494805135467909e-23	-4.878421673873533428e-24	-4.336186019986043325e-23
-9.701127893352594956e-24	3.896754898491687728e-23	-2.494180857984983016e-23	-3.147201838238547968e-23
1.559505483709199659e-23	3.886362056959151092e-23	-4.014925679766022649e-23	-1.190058476481792551e-23
4.184775969071350142e-23	1.673945496485445286e-23	-3.938911324234996818e-23	2.190758091696630584e-23
3.739593795929684571e-23	-1.915853749048751154e-23	-9.252221537776217923e-24	4.098660916989723508e-23
1.278162588631238856e-23	-3.760622766644836505e-23	2.025396813120507899e-23	3.416687130157700867e-23
-2.524839216618334996e-23	-3.549292720260553895e-23	4.333005450420074422e-23	4.442472853022057942e-24
-4.159911116068848683e-23	4.760838101953132281e-24	2.428697039885804367e-23	-3.410710626302558965e-23
-1.997411843970507145e-23	3.423341172395857389e-23	-1.162916608427113486e-23	-3.789003011202113802e-23
2.501201540828257895e-23	3.537759192716552009e-23	-4.289426942115428758e-23	-6.103816525309434013e-24
3.784796050161151580e-23	-9.534101631876659141e-24	-1.945303829076804058e-23	3.383705822491681979e-23
9.350604378603696940e-24	-4.101589347904090946e-23	2.257732880285176019e-23	3.549650045084886184e-23
-3.693244207212111469e-23	-1.653366962727593030e-23	3.789519652391552356e-23	-1.418878392140458767e-23
-2.777814906448558690e-23	2.794392496846254054e-23	5.735528549739889659e-25	-3.939745607541681234e-23
2.618804171302683109e-23	3.262662571411488730e-23	-4.144047962992681309e-23	-5.744291278634540575e-24
3.448592758585686112e-23	-1.596684073574761505e-23	-1.450136874511032038e-23	3.512733279165997721e-23
-1.732525200859015432e-23	-3.803520575104441956e-23	3.835494617809265732e-23	1.660540084915311967e-23
-3.696137397263382448e-23	1.021397640709542751e-23	2.092263452325816117e-23	-3.213583427570787538e-23
1.474345948809218363e-23	3.773077612551072661e-23	-3.584051744098974244e-23	-1.887957558507436048e-23
3.702635399711465049e-23	-1.202865352778479359e-23	-2.047135855228215238e-23	3.311439075439924460e-23
-1.919751556245598550e-23	-3.404351396207557391e-23	3.651312332559561523e-23	1.393905562319841908e-23
-3.381016816306684456e-23	2.113637707715036979e-23	1.290689768665068579e-23	-3.772646152594592131e-23
2.726209484489690031e-23	2.514359573282127285e-23	-3.698895455209142701e-23	-2.690624992639637190e-24
2.092564052236898097e-23	-3.460989267463269789e-23	4.786654399044123852e-24	4.015986854915135498e-23
-3.504388633516949028e-23	-1.096828182783243721e-23	3.450298359393441888e-23	-1.256667413613205990e-23
4.083714941206819212e-24	3.804184417253052860e-23	-2.607571495839334540e-23	-2.799849505199791924e-23
3.660188120444499837e-23	-1.535171411836638631e-23	-2.041741124285802004e-23	3.403677646629258297e-23
-2.613876685894690239e-23	-2.442945288030060071e-23	3.548610130621082019e-23	4.557402223037922568e-24
-8.297812623598440280e-24	3.699800733460584312e-23	-1.455272435668266863e-23	-3.501320400743571796e-23
3.897122970868902914e-23	-7.406294262236254823e-24	-2.783268930119873999e-23	2.826572740916421873e-23
-2.303252751535364163e-23	-2.628095845793133900e-23	3.381564553133382575e-23	8.814092041283548671e-24
-5.957127379071551756e-24	3.645558280458654031e-23	-1.523815432965923825e-23	-3.364959935657536151e-23
3.624401290633504189e-23	-1.467104825075178408e-23	-2.233115877888546522e-23	3.209653370572396798e-23
-3.087577152101374074e-23	-1.986301762272504321e-23	3.671302939342396932e-23	7.879629506859299664e-26
6.185438512971454595e-24	3.385853904810873765e-23	-2.324717914588555717e-23	-2.538166617519737227e-23
1.998236941972438093e-23	-3.070756363488616842e-23	-9.019843031800807796e-25	3.662561912560300171e-23
-3.855001364802900678e-23	4.767274363145464679e-24	3.052267444198952437e-23	-2.402492043743425332e-23
2.825434439617095964e-23	2.274150583882942249e-23	-3.590307606165574944e-23	-5.143266898179772077e-24
-6.853167616003592281e-24	-3.372262841351417077e-23	2.288790453682535334e-23	2.569679745419968026e-23
-1.330390887908171415e-23	3.131306454473761491e-23	-3.979165457894845710e-24	-3.378858157580027406e-23
3.169930051300454074e-23	-1.870489136447371501e-23	-1.850513231763273292e-23	3.181632744169945701e-23
-3.711153695824189190e-23	-4.370706440513364205e-24	3.462281468006252269e-23	-1.405809211173927318e-23
2.728610064625271354e-23	2.516204330494313508e-23	-3.596409330048253860e-23	-9.178436949255221997e-24
-9.455152937965580566e-24	-3.301696104954448513e-23	2.381329508987944621e-23	2.474765869713294877e-23
-6.296900283217138788e-24	3.281006509364757111e-23	-9.551239764626232283e-24	-3.201445210502272007e-23
1.841542249887410886e-23	-2.704159621339305585e-23	-4.109018358999974439e-24	3.245753656249397934e-23
-2.912460495628300957e-23	1.834269567216206858e-23	1.782426622765144300e-23	-2.944473861026621540e-23
3.467770086839970851e-23	-5.926208750232790992e-24	-2.850465631989599369e-23	2.061910414528621184e-23
-3.552286470106000017e-23	-8.465670104230920629e-24	3.567170240096457188e-23	-7.814802281600102059e-24
3.017886105151544666e-23	2.007520202612120163e-23	-3.586758578793335020e-23	-5.224335412423124426e-24
-2.154214607643616799e-23	-2.906831859689789313e-23	3.178851658629647702e-23	1.727777233534542867e-23
1.255174831074925786e-23	3.292948245740873044e-23	-2.508859852830763972e-23	-2.474791757814354039e-23
-3.356639233126644218e-24	-3.432714354527821512e-23	1.709338924180141729e-23	2.995723376995560552e-23
-3.118888627028096205e-24	3.368552857751202738e-23	-1.069860965656570303e-23	-3.209333347021813286e-23
9.065575391229060717e-24	-3.156094951954435289e-23	4.176195727756427359e-24	3.257050170004683760e-23
-1.291047461381448237e-23	3.000909615299187469e-23	1.906518182475132963e-25	-3.266787196249028723e-23
1.588132608648679419e-23	-2.731756724888398593e-23	-4.186009250995048836e-24	3.132001477032232614e-23
-1.843948272775578124e-23	2.613717229759081816e-23	7.208255006996822191e-24	-3.116419995339616740e-23
1.929945985026584393e-23	-2.477519839868267771e-23	-8.716946480000079412e-24	3.017108632898268997e-23
-2.044148137525322588e-23	2.417627168023367249e-23	1.019447307459346903e-23	-2.997363828270905938e-23
1.996005925775623852e-23	-2.417758854672904723e-23	-9.936917328651465071e-24	2.973579370912453874e-23
-2.003259756160191499e-23	2.422695609839864072e-23	1.017587670426488466e-23	-2.974393888102975230e-23
1.871082100489822988e-23	-2.609696877222038499e-23	-8.473050546021320568e-24	3.097344049698312989e-23
-1.661098929402601204e-23	2.701543142003476048e-23	6.377922503123058836e-24	-3.106574648517245576e-23
1.429382636694400881e-23	-2.968005659192109381e-23	-3.490863801066627281e-24	3.275718396673293182e-23
-9.347272088198189516e-24	3.164609886638832861e-23	-1.628512324709963958e-24	-3.295747284851042089e-23
4.446702332780523914e-24	-3.326373952387141576e-23	6.590737890112149462e-24	3.290610433965347129e-23
3.415284770064299751e-24	3.404571623239890252e-23	-1.409580075611660085e-23	-3.117825147248520364e-23
-1.093319088019256481e-23	-3.162871446674053717e-23	2.029403659229029553e-23	2.660944043816236075e-23
1.898188442292864076e-23	2.765036227714205399e-23	-2.657202648095696138e-23	-2.046416084275001825e-23
-2.496815334843015409e-23	-1.996942959696367043e-23	2.983746789131434500e-23	1.148530843702501673e-23
2.820292714240716668e-23	1.186273630240215668e-23	-3.045335592570114899e-23	-2.953425950116154619e-24
-2.965527445417905408e-23	-3.243646052995048054e-24	2.931262544580903073e-23	-5.543151823962957800e-24
2.848585008043965757e-23	-5.423656315653168570e-24	-2.574188781035633622e-23	1.334971589939787286e-23
-2.678872837756772753e-23	1.447000641639475236e-23	2.164501228572232757e-23	-2.141285821483290808e-23
1.976202110956200312e-23	-2.481298594070025613e-23	-1.215574530126643295e-23	2.929948132303542491e-23
-7.466249533121102511e-24	3.165652124516893116e-23	-1.374756827910258386e-24	-3.249600380201813981e-23
-8.064932727054277466e-24	-3.176094595851556772e-23	1.620329382603067795e-23	2.848252266318722300e-23
2.093474422810199285e-23	2.237152622543067369e-23	-2.603536170891559215e-23	-1.615266672215810598e-23
-2.671843846810901841e-23	-1.063069905220273697e-23	2.854664039738772962e-23	3.460641347331864899e-24
2.902724371065947854e-23	-1.661082846854837213e-24	-2.768864697460608347e-23	8.870112872887969105e-24
-2.568396610146157771e-23	1.579577638234946024e-23	2.102657544669498365e-23	-2.161147360099861510e-23
1.373577705083457245e-23	-2.870547831989584469e-23	-6.435725467721975274e-24	3.116500432325269187e-23
6.388379060788725983e-24	3.119311619637234302e-23	-1.355211896654656028e-23	-2.881253124217446445e-23
-2.110921090311178436e-23	-2.011097261567922030e-23	2.517760994684979821e-23	1.470163126543932721e-23
2.718929674740149430e-23	6.638205412387288701e-24	-2.798600221152387346e-23	-3.275804204866700329e-25
-2.791905355812272010e-23	1.016870324305033503e-23	2.498061185392533301e-23	-1.608866397902798030e-23
1.561908036027912517e-23	-2.690905290219221694e-23	-9.427422673087396627e-24	2.965091062913235394e-23
6.399447557164249586e-24	2.986235326467760092e-23	-1.257597309529082139e-23	-2.783088162900733045e-23
-2.228485875544463100e-23	-1.738375507698890077e-23	2.540155471023808573e-23	1.239237219541262474e-23
2.780039806470958334e-23	1.177743954491714440e-24	-2.746293685455591058e-23	4.476193997284401678e-24
-2.390638722029686512e-23	1.909743419774886100e-23	1.965262984748119526e-23	-2.345211041552576800e-23
1.506705269604310326e-24	-3.095844273413253897e-23	4.511386674363635664e-24	3.066500819446150927e-23
1.868588125007358516e-23	2.053765628644408913e-23	-2.223109027807572573e-23	-1.663538724767220241e-23
-2.724067128796481343e-23	-4.343236765119579270e-24	2.757425926691480110e-23	-7.603313079180199785e-25
2.406168767855255926e-23	-1.888337565834930758e-23	-2.026409302612398171e-23	2.291098478946596037e-23
6.552615293529414341e-25	2.980690747897899131e-23	-5.888320509342294005e-24	-2.922685037275693953e-23
-1.986731653480448951e-23	-1.808746314998610148e-23	2.267666120605803144e-23	1.440956717052541403e-23
2.842513435747398218e-23	-1.047017351891221381e-24	-2.784897702705451357e-23	5.789558456583646274e-24
-1.659167150498589321e-23	2.545400910899067559e-23	1.221659679407519789e-23	-2.781986530918028820e-23
-1.030037456139282539e-23	-2.584345147641591427e-23	1.427776081868090952e-23	2.387733750491022649e-23
2.503400049032384198e-23	9.872524404628863561e-24	-2.626069895586054922e-23	-5.877381136117641627e-24
-2.503413307521583987e-23	1.606104903058832965e-23	2.232720151724497925e-23	-1.965098438244027208e-23
-1.419082539936459876e-24	-2.841627780254948264e-23	5.571483552029778847e-24	2.790084605233828575e-23
2.103622254789515755e-23	1.533315357135487329e-23	-2.300824351152242950e-23	-1.217575410567293317e-23
-2.749725836203228684e-23	8.967037514890490238e-24	2.598840405672063859e-23	-1.269290486084387400e-23
4.004359013955521905e-24	-2.840507544793721536e-23	-1.418645595797886943e-25	2.868559005428313253e-23
1.882698307112255749e-23	1.752098811857643579e-23	-2.095660760062281040e-23	-1.490841755804921681e-23
-2.794794559462148540e-23	6.468530518086767957e-24	2.690123214973968001e-23	-9.962592978193708194e-24
4.651191874892119745e-24	-2.828936530809601630e-23	-1.135058626089145045e-24	2.864669993746766230e-23
1.890478163021623181e-23	1.674731915242040380e-23	-2.076668357646242044e-23	-1.437387632179553620e-23
-2.712442277280448253e-23	8.239120315254629435e-24	2.599186321618876785e-23	-1.131549649277526637e-23
1.469923025323258222e-24	-2.801293481180865792e-23	1.668385904810739953e-24	2.800181563655552734e-23
2.129533728087999072e-23	1.403849336188523061e-23	-2.268681893985367677e-23	-1.165671189351565505e-23
-2.434477698470813939e-23	1.457084979025056791e-23	2.269206895583114020e-23	-1.703079083745157883e-23
-5.170729290721764178e-24	-2.597092719418601672e-23	7.758828164787271732e-24	2.531849296922987478e-23
2.501593813683181388e-23	8.320319473383872818e-24	-2.570534740379872596e-23	-5.853203554890727755e-24
-1.662809646931021511e-23	2.292973892023239156e-23	1.441204226558760303e-23	-2.438359196011989139e-23
-1.308188538940313490e-23	-2.106198521104465255e-23	1.492281560220646911e-23	1.980031618116958561e-23
2.752046531683726143e-23	-2.925409175828326771e-24	-2.716477564227683564e-23	5.292352445371164402e-24
-2.805915887930678528e-24	2.700987530860653218e-23	5.566435696562991344e-25	-2.714952441743639075e-23
-2.112025647493200530e-23	-1.301582487939449891e-23	2.208774911837513280e-23	1.129638303802109117e-23
2.080491216887143119e-23	-1.876969265123447828e-23	-1.931745111320495889e-23	2.029733517152428150e-23
1.121490554597605895e-23	2.231121904287636585e-23	-1.280607506372193823e-23	-2.143756149954310313e-23
-2.696704382986477792e-23	2.420644084057779993e-24	2.673454074166480060e-23	-4.283141608188657647e-24
1.753845214406318907e-24	-2.605493265394030543e-23	-3.177094049151872381e-26	2.611387522457747010e-23
2.227143216501574014e-23	1.125555335697280589e-23	-2.293277285119406807e-23	-9.838297688528025997e-24
-1.629951346938620707e-23	2.235984518031748826e-23	1.494330947262677883e-23	-2.328807243701746318e-23
-1.537073303302833135e-23	-1.876320473345518311e-23	1.639952641267025969e-23	1.787100498803337968e-23
2.462779905970181416e-23	-1.140313679086545503e-23	-2.399004211904259674e-23	1.269007069810097738e-23
6.912564242597921480e-24	2.340062568028203302e-23	-8.067363267751833394e-24	-2.302803674964165854e-23
-2.644495435895143731e-23	-5.906051290932581007e-25	2.644377777138326625e-23	-6.411260743661718300e-25
1.722273950930004037e-24	-2.568989655258042711e-23	-6.052118004552121154e-25	2.574044931855164119e-23
2.308270408847453754e-23	9.049101361149212465e-24	-2.342873778015182905e-23	-8.111208880883165590e-24
-1.078560537086673825e-23	2.390701340927456642e-23	9.887969095286355316e-24	-2.429202833313770879e-23
-1.875478650187783088e-23	-1.506885745085592115e-23	1.925891096733896321e-23	1.441897465000011385e-23
1.794480364065442083e-23	-2.023609018830366072e-23	-1.730560469933537784e-23	2.078536431725807244e-23
1.474660516233557369e-23	1.811719572879759689e-23	-1.525089191963171265e-23	-1.769478568802391969e-23
-2.220089321964875638e-23	1.460472359377400795e-23	2.182604057165631890e-23	-1.515920723406067707e-23
-1.077446305147961459e-23	-2.063823907212512393e-23	1.123073450985222995e-23	2.039354232140913958e-23
2.486402858125442129e-23	-9.772132726810003436e-24	-2.467063657485497753e-23	1.025057004811223826e-23
8.221647691429604988e-24	2.200737689832621281e-23	-8.581880143702035053e-24	-2.186941841718944204e-23
-2.521726185324811870e-23	5.804234728325412953e-24	2.513631349584861847e-23	-6.145338070049523372e-24
-5.587879455567387174e-24	-2.269767079050296405e-23	5.830449713557419104e-24	2.263657465831970475e-23
2.570603364061048605e-23	-2.843350797942727908e-24	-2.568283288629786459e-23	3.045801081301359243e-24
4.531167342525271967e-24	2.328604652490906065e-23	-4.649430220718177405e-24	-2.326272208639542158e-23
-2.546723754661832928e-23	1.846722524688914737e-24	2.546290859143551707e-23	-1.905481147447820202e-24
-3.821120119136137542e-24	-2.275409690497440281e-23	3.811048600175364385e-24	2.275578593441531868e-23
2.542790329654681785e-23	-1.467886643596196827e-24	-2.543242749439031848e-23	1.387295570368446485e-24
3.975813160741668396e-24	2.295441666244745339e-23	-3.840949025595274473e-24	-2.297736810831803409e-23
-2.530666013005017517e-23	3.059918947910629670e-24	2.533190447640055440e-23	-2.843372382255117746e-24
-5.522075498190751164e-24	-2.218180934691144878e-23	5.273074268293410731e-24	2.224231713359713631e-23
2.465741124428919592e-23	-4.959084718417155326e-24	-2.472370459121979739e-23	4.617237464169987064e-24
7.122540600536783041e-24	2.131538672778467015e-23	-6.770788233803842446e-24	-2.142971587899142674e-23
-2.423057793661958018e-23	8.656925920126635198e-24	2.439107339151033277e-23	-8.193827697670527865e-24
-9.898008762574809765e-24	-2.004451468889955479e-23	9.462419180777546430e-24	2.025378408655456217e-23
2.154858282654857655e-23	-1.298322275357964857e-23	-2.185599842026776491e-23	1.245876510553696164e-23
1.269721242414049366e-23	1.795548062228420989e-23	-1.221349819496305824e-23	-1.828794547133727640e-23
-1.827853094986637595e-23	1.724426388103393262e-23	1.877413278064195664e-23	-1.670333106954357414e-23
-1.626450391814480258e-23	-1.551269515863848307e-23	1.576498004278070202e-23	1.602008748537034754e-23
1.221977414084980084e-23	-2.130637048112831362e-23	-1.293999028037531993e-23	2.087680422565364141e-23
2.009294158903266603e-23	1.095759155725500030e-23	-1.967867936636499483e-23	-1.168523396563822113e-23
-5.391428810853238822e-24	2.270386480963247924e-23	6.272779522910387353e-24	-2.247632574451443982e-23
-2.311788810888845661e-23	-5.017151243838692460e-24	2.289035086955039698e-23	5.969957645370003919e-24
-1.901109907733251854e-24	-2.240891178319204826e-23	9.181723586370425785e-25	2.247065877334262463e-23
2.428119085247218601e-23	-4.334635505375279094e-24	-2.445534301891688086e-23	3.209593744658722393e-24
8.778083448621452564e-24	1.977106871666782567e-23	-7.809148354089685370e-24	-2.017342581749518641e-23
-2.020490618325668908e-23	1.363876673586045043e-23	2.087176882534407113e-23	-1.259458050316933962e-23
-1.454538515562227031e-23	-1.578611857869453691e-23	1.368643462836297231e-23	1.653636224414392065e-23
1.178336266272665477e-23	-2.074914138632206000e-23	-1.291468041048374680e-23	2.006453422848362256e-23
2.102800756569348946e-23	9.021730436587727658e-24	-2.047281817517857004e-23	-1.021921906113153275e-23
-8.399356658997308677e-25	2.251221121207666341e-23	2.187090355451105329e-24	-2.242145805600281347e-23
-2.364253264373894801e-23	2.012894501411502119e-24	2.372192152829445190e-23	-5.399380422924006705e-25
-7.992236253805985423e-24	-1.938806160149762900e-23	6.728110936352005535e-24	1.986215739108564412e-23
1.925430301244111124e-23	-1.432101299420031744e-23	-2.016454059661310209e-23	1.300810901716676693e-23
1.619392010036190093e-23	1.419985987051012179e-23	-1.517992078926104585e-23	-1.527904032950987262e-23
-7.321655332970693779e-24	2.191658975255745256e-23	8.856481997146370135e-24	-2.134259285632715487e-23
-2.259505739838696948e-23	-3.729561159053983058e-24	2.226246274205831979e-23	5.369264189252653156e-24
-4.838953629559183445e-24	-2.056468651955766698e-23	3.280220543009450961e-24	2.087012115599522924e-23
2.119841310010041194e-23	-1.064970339962147058e-23	-2.195763326013128157e-23	8.980603658774520997e-24
1.417111676759511393e-23	1.549064890046053578e-23	-1.289768009439840709e-23	-1.656594705957717530e-23
-9.235824302383145409e-24	2.108200804237525757e-23	1.092115086732976225e-23	-2.026030546108050577e-23
-2.205582298432720804e-23	-4.555104156653808582e-24	2.159877173860003472e-23	6.379761811995302482e-24
-5.078926043685384958e-24	-2.018484144337314598e-23	3.334785918461377544e-24	2.054513365080333074e-23
2.001255833628281895e-23	-1.177884968282490804e-23	-2.096653860934843197e-23	9.982386976891292615e-24
1.520298544504427521e-23	1.385276437581096536e-23	-1.390193374690585493e-23	-1.515803699001310784e-23
-6.032395623002564270e-24	2.141735188716508413e-23	7.966854583575581701e-24	-2.077551411771162115e-23
-2.274800629077862072e-23	-6.263869640113647796e-25	2.258984926291523414e-23	2.750065656080781557e-24
-8.627881677093203840e-24	-1.863867449311039160e-23	6.809715781333966661e-24	1.937700441429210389e-23
1.581334788783535640e-23	-1.682831053564242748e-23	-1.737689513683964421e-23	1.520846876937318915e-23
1.879576093934819062e-23	9.408573745196023622e-24	-1.776854038382819614e-23	-1.122857345508260283e-23
1.067616212885846883e-24	2.095408022024724772e-23	1.058763467876044189e-24	-2.095452939518482100e-23
-2.152457316844955363e-23	8.098381766847401781e-24	2.224488902711057933e-23	-5.835747552548882641e-24
-1.413345770890541878e-23	-1.470694704458523069e-23	1.251118267082629887e-23	1.610960044069585235e-23
6.310536253735262435e-24	-2.127035694851773234e-23	-8.547395431499596969e-24	2.047420288716128491e-23
2.223301302163214402e-23	-4.378099866759887980e-25	-2.214883455734236706e-23	-1.981835854952234383e-24
9.860454235115777136e-24	1.721474512287948849e-23	-7.896880081421058391e-24	-1.819932120569806163e-23
-1.251508071996689447e-23	1.848382165056623208e-23	1.451294642819488453e-23	-1.696034475503293980e-23
-2.049470578502608374e-23	-5.569340867344043562e-24	1.972472111575704938e-23	7.873112460587500464e-24
-6.010219288885173624e-24	-1.931820951047117974e-23	3.729116585284606261e-24	1.988490995917008987e-23
1.690020804669949124e-23	-1.526169328050992992e-23	-1.857986514713028809e-23	1.316529243596743509e-23
1.868476528304263927e-23	8.769748923294817168e-24	-1.750255920991679896e-23	-1.094026375200263334e-23
3.283270032224653147e-24	2.011551648513356157e-23	-8.193438030118635967e-25	-2.036522873185200712e-23
-1.877731078825208431e-23	1.190026086363524799e-23	2.009869399500788599e-23	-9.499795195487675401e-24
-1.664515018821950933e-23	-1.071452149871861428e-23	1.517846647932765756e-23	1.270732666892663225e-23
-7.648624381007185155e-25	-2.048563856226989294e-23	-1.832000433717034607e-24	2.041788863384354161e-23
2.000998992751862617e-23	-9.621135736902187984e-24	-2.107806424432518758e-23	6.977188364906981010e-24
1.590176975277510442e-23	1.165380637986952712e-23	-1.425384333578470070e-23	-1.362003797970721219e-23
-7.199210625263114521e-26	2.062211089466564329e-23	2.783760032917266091e-24	-2.043348528015675212e-23
-1.990346306209931346e-23	8.798352174742447768e-24	2.089798879383887119e-23	-6.069012047090684742e-24
-1.528938968625519947e-23	-1.157460012535318843e-23	1.358904085228973810e-23	1.353051269371539644e-23
3.143608974647924416e-25	-2.029303062925798380e-23	-3.080945463661478182e-24	2.006025149253620981e-23
1.984759648037517464e-23	-8.889634554616268633e-24	-2.088508837483190887e-23	6.063478550954868258e-24
1.587748412180392906e-23	1.129156006961834607e-23	-1.414417536421998686e-23	-1.339910945212881448e-23
1.046318960748760557e-24	2.044388644093033500e-23	1.853176820147943140e-24	-2.038658901951339151e-23
-1.885954711282665367e-23	1.097404244681095438e-23	2.023419660198759483e-23	-8.166358600836135476e-24
-1.685311520235626310e-23	-9.368651927614187886e-24	1.532273423666558048e-23	1.170525294375125022e-23
-3.399693478196532558e-24	-1.933292015378755542e-23	5.398296276809619328e-25	1.962213804332991014e-23
1.676724306113450774e-23	-1.314352698953320123e-23	-1.852351784574772510e-23	1.052482912992019114e-23
1.787069185595424742e-23	7.353873018320883199e-24	-1.657411853824148719e-23	-9.936783708040404833e-24
5.949264972198322224e-24	1.837923234524344410e-23	-3.112251253066598044e-24	-1.906577634001968010e-23
-1.394316476190153582e-23	1.646019518993212282e-23	1.628571904411665260e-23	-1.414656228503213318e-23
-1.970614782631065137e-23	-3.553052474421678711e-24	1.892595488589761124e-23	6.539470597484965607e-24
-9.671185327063486284e-24	-1.619430701368367053e-23	7.040903575310720274e-24	1.749894517183904358e-23
8.544918181263463355e-24	-1.904116567745938718e-23	-1.142257544431305741e-23	1.746729479054843934e-23
1.997409670759492153e-23	-1.588869885434063263e-24	-1.997401476214045290e-23	-1.589899707210737138e-24
1.249910323302623203e-23	1.324862620842126311e-23	-1.022430841319603561e-23	-1.507372533623199431e-23
-2.681722927212476264e-24	2.006012529620276013e-23	5.877565281357232631e-24	-1.936632363462603486e-23
-1.928967710616377166e-23	8.119975433054426339e-24	2.035278444617858031e-23	-4.877479798098332839e-24
-1.621769676276008162e-23	-9.357067664786401192e-24	1.446439087339976675e-23	1.188906221002058572e-23
-4.463655767979485794e-24	-1.887906563659512495e-23	1.280538445808572303e-24	1.935726125810905394e-23
1.437763910373823525e-23	-1.507685714826811902e-23	-1.669054741501992762e-23	1.246810950599961119e-23
1.868463711767263897e-23	3.392164847879150509e-24	-1.784813013604005403e-23	-6.485884459445444880e-24
1.002039979465977649e-23	1.523446740302575361e-23	-7.292307516193341388e-24	-1.671285912667075788e-23
-6.467100889941045442e-24	1.930692252789905203e-23	9.672059120840170821e-24	-1.791736375089662906e-23
-1.939821858452769893e-23	4.762523886866470975e-24	1.992869130519147927e-23	-1.348992545744832257e-24
-1.469885053940936854e-23	-1.043900016708231724e-23	1.266268362961749859e-23	1.283297997210533867e-23
-2.885405869857671384e-24	-1.920506535766817437e-23	-5.201880079811247447e-25	1.941364228738306440e-23
1.504325278918666591e-23	-1.426738580304500011e-23	-1.732353386981083332e-23	1.139091420360189037e-23
1.850838384542771288e-23	3.080918057138708176e-24	-1.766646733899075368e-23	-6.320463622620242370e-24
1.067056588293296236e-23	1.443611824295405436e-23	-7.914145714460589492e-24	-1.611300045915870973e-23
-4.761358882890718811e-24	1.926725003813041947e-23	8.157443826458097205e-24	-1.809291498520069263e-23
-1.848873921480122751e-23	6.801023286086965685e-24	1.941643320146504401e-23	-3.330092674967429311e-24
-1.576602305984628057e-23	-8.271441616391472860e-24	1.398714109787510931e-23	1.101563041523773010e-23
-6.061592453912158820e-24	-1.765627171702786166e-23	2.705745916368576276e-24	1.847067332445943875e-23
1.118065669982142771e-23	-1.690678272723064496e-23	-1.412231560970059307e-23	1.453982765527340156e-23
1.900812770843836226e-23	-1.261624541376160919e-24	-1.890937783166231316e-23	-2.309988199784305798e-24
1.372533623556370810e-23	1.119488674891348381e-23	-1.137612029302782254e-23	-1.357550113914169399e-23
2.015101387169530847e-24	1.906833207986892731e-23	1.629729971714652366e-24	-1.910512763966851608e-23
-1.454633155887385820e-23	1.338815956907604168e-23	1.683013213382200937e-23	-1.037233005769792312e-23
-1.784634329225831829e-23	-2.298799425956193066e-24	1.707464401382431489e-23	5.677409577182487316e-24
-1.161032836501080704e-23	-1.311592269660345639e-23	8.861782664501825785e-24	1.510946593807296395e-23
1.709777882052602557e-24	-1.925654378526661048e-23	-5.415726530087353633e-24	1.855822526835889150e-23
1.651721705697603943e-23	-1.044724270480864223e-23	-1.823982594540674412e-23	7.019408017896143832e-24
1.727289101762528384e-23	4.300046138878937282e-24	-1.609085225255180355e-23	-7.611020607631827375e-24
1.061848002911833762e-23	1.435216846962256934e-23	-7.570983189804935041e-24	-1.616839730613100306e-23
-3.541712284145533510e-24	1.919212651866521198e-23	7.288439066798842361e-24	-1.810414599426552008e-23
-1.686238885450620594e-23	9.133837289440212782e-24	1.834892887750536163e-23	-5.575298248416264973e-24
-1.659788749671436689e-23	-4.659584547718004924e-24	1.532059476930594456e-23	7.904490712603492561e-24
-9.944235613523108434e-24	-1.438444904114821690e-23	6.827004081610550901e-24	1.609944755028333296e-23
4.206036267056912150e-24	-1.877128508404487395e-23	-7.938834457079312753e-24	1.752218000847422539e-23
1.674673621275011202e-23	-8.728756898866371270e-24	-1.817883023175895638e-23	5.116102245247825035e-24
1.643627432668710131e-23	4.583970016411064029e-24	-1.514090587781606763e-23	-7.868726965182109023e-24
1.025465991514341726e-23	1.431385834657751641e-23	-7.070521454277177666e-24	-1.612613769957773106e-23
-3.201055815050035391e-24	1.915456100046422336e-23	7.116294169413612758e-24	-1.806937527270770270e-23
-1.596333163711132445e-23	1.003280747598553843e-23	1.770876283728960602e-23	-6.471854570308360311e-24
-1.671313648091731491e-23	-3.146941262061278837e-24	1.567778234787931154e-23	6.590850551268548457e-24
-1.158609955627882662e-23	-1.285997994994100818e-23	8.606213319539024039e-24	1.501831813284957051e-23
5.936922017550087644e-25	-1.878011480222766504e-23	-4.569968204440399958e-24	1.822527292047170073e-23
1.434582934082457264e-23	-1.182385384760795305e-23	-1.653970001104695530e-23	8.487912748740405417e-24
1.695999710220782445e-23	1.009741562336192936e-24	-1.634817139935733300e-23	-4.625837397362970214e-24
1.286008419876471153e-23	1.076753533528093858e-23	-1.023527547318998050e-23	-1.328761524065763383e-23
2.598236615477178337e-24	1.831878948639016210e-23	1.433601306449546457e-24	-1.844650831596134775e-23
-1.180519257782817663e-23	1.491307210847315928e-23	1.476951737620825571e-23	-1.198430840666293866e-23
-1.714053392704301058e-23	2.527654477357859603e-24	1.727824454132222362e-23	1.284214168777360224e-24
-1.464896105769862994e-23	-7.830460854322846141e-24	1.256900960838892282e-23	1.085947396172026215e-23
-7.285251959597561851e-24	-1.648908483463625191e-23	3.463187280814334431e-24	1.769099060699137813e-23
6.818405978522723904e-24	-1.742582653419780526e-23	-1.051526346750537440e-23	1.547835019299064694e-23
1.610355838706318882e-23	-7.104967273982120942e-24	-1.728217619484150469e-23	3.336396058678249405e-24
1.574392987634913298e-23	3.735026416090988422e-24	-1.450774773769364261e-23	-7.165682511787787904e-24
1.095388310358348168e-23	1.287746896957184233e-23	-7.776659290735454513e-24	-1.501134012622042098e-23
-6.326681739565118076e-25	1.850163816530752515e-23	4.796304061899218742e-24	-1.788033420168959180e-23
-1.315092310346457707e-23	1.245044752454762962e-23	1.563306510055235729e-23	-9.141536938428052479e-24
-1.659089776176478421e-23	9.801288490716101161e-25	1.637768056520705521e-23	2.826680103257756145e-24
-1.427870389874425162e-23	-8.268096214164834732e-24	1.200734905874763551e-23	1.131664122503198658e-23
-6.664050883086112430e-24	-1.656493721066462838e-23	2.678309509305001000e-24	1.765314071597427918e-23
6.795354632000888187e-24	-1.729017781188926555e-23	-1.060255490692644612e-23	1.525493109741940961e-23
1.532236272708926037e-23	-7.799634021736749440e-24	-1.671283604813232505e-23	4.036112193903469238e-24
1.571691122784013123e-23	2.456985312127130904e-24	-1.471363408578159008e-23	-6.047069319723544746e-24
1.228813821081333488e-23	1.127813361167143601e-23	-9.312759673518366849e-24	-1.383716537857569492e-23
2.191139992908829286e-24	1.775400413278913405e-23	2.035036959644698983e-24	-1.777257386504549617e-23
-1.055162437577320789e-23	1.444692391264843589e-23	1.365744685746498799e-23	-1.155528159937196457e-23
-1.577146262634393885e-23	4.263693454604351144e-24	1.633239413238234050e-23	-4.135422028312716523e-25
-1.504635558649868564e-23	-4.959778035233516588e-24	1.343897127628666318e-23	8.389652294897983361e-24
-1.045939231077262263e-23	-1.359764749366908837e-23	6.917920409027248882e-24	1.569832099579757355e-23
9.932180569183664774e-25	-1.810101144766217280e-23	-5.294114727973630485e-24	1.733797700956021063e-23
1.225158421795760159e-23	-1.265302969932398075e-23	-1.493120286654517083e-23	9.341287779517113695e-24
1.573158049250011513e-23	-2.785651147500102055e-24	-1.593923858500923057e-23	-1.087727189019247860e-24
1.479993684744640838e-23	5.885331397456844548e-24	-1.293684298475749607e-23	-9.290497830257753361e-24
9.464937598908551467e-24	1.428017080226508841e-23	-5.714918725720682158e-24	-1.615079025470593748e-23
-2.266204879618295105e-24	1.765908834406963161e-23	6.500610374672033020e-24	-1.657471418929352390e-23
-1.235122436245906852e-23	1.155002482937099180e-23	1.480057250021387680e-23	-8.179172970221476338e-24
-1.532122725149102941e-23	2.175653582220246267e-24	1.538664476378850914e-23	1.650647119961984608e-24
-1.452557400264949432e-23	-6.042257560212922866e-24	1.259027965657563989e-23	9.433240943578970472e-24
-9.077547857230972481e-24	-1.434589802882932439e-23	5.250896012074296394e-24	1.614418645904060373e-23
2.228866087307758082e-24	-1.766154883706620387e-23	-6.538776000124150358e-24	1.655725097289479505e-23
1.201807918466399937e-23	-1.175425231405756693e-23	-1.456476685403014681e-23	8.394298138565636018e-24
1.536850281875029818e-23	-2.945888566405752745e-24	-1.561731006209070049e-23	-9.842584823797841337e-25
1.486643247299022107e-23	4.964246710463273792e-24	-1.314895135938058553e-23	-8.529926026934055205e-24
1.029394729153392127e-23	1.348380027103394390e-23	-6.574729140569355268e-24	-1.563813151620620620e-23
-1.223900177799548806e-25	1.756468725960843914e-23	4.547378192965688425e-24	-1.696627741770254279e-23
-1.046806337553222285e-23	1.298014321939528993e-23	1.341117705814936119e-23	-9.909833436801085136e-24
-1.457129595091930534e-23	4.845543165466083607e-24	1.532396885839833871e-23	-9.889047904173108600e-25
-1.482393924967375231e-23	-2.985345199705368817e-24	1.357539130128279993e-23	6.661096895893133527e-24
-1.190882370669551591e-23	-1.126791734049278216e-23	8.636017179698881628e-24	1.393575439440853882e-23
-2.738687937677431509e-24	-1.693158788174979797e-23	-1.690634357293710505e-24	1.706812336747465983e-23
7.977120677874848325e-24	-1.481219321009181988e-23	-1.151588577001871544e-23	1.226457895462983969e-23
1.365301996574844778e-23	-7.213509253978326551e-24	-1.505112534401488425e-23	3.450115334464851714e-24
1.510740372826027319e-23	2.050183253752191735e-25	-1.454061134984902428e-23	-4.104424624114053395e-24
1.369919102845135109e-23	8.116642997833444208e-24	-1.112534660182473545e-23	-1.139185636222417798e-23
7.178552371595823479e-24	1.560272855904895505e-23	-2.872674991023486088e-24	-1.693294100370795391e-23
-3.532744828001231649e-24	1.660429652842750502e-23	7.742477416470109546e-24	-1.510751444411586365e-23
-1.152440008215217563e-23	1.099663060411832186e-23	1.400033308161268857e-23	-7.597917839832310673e-24
-1.430840422087964794e-23	3.670652799047211431e-24	1.477019888225471471e-23	2.129513979320609136e-25
-1.482772960065933444e-23	-3.587873537765802143e-24	1.336069460044963495e-23	7.363846917663695904e-24
-1.137709298590582407e-23	-1.160431658499155526e-23	7.910816564860445187e-24	1.419568207208752441e-23
-2.508330920555583759e-24	-1.670696189303512773e-23	-2.003251249733146610e-24	1.677501964627122988e-23
7.266242698407871991e-24	-1.432023459368858143e-23	-1.080663174561093526e-23	1.187788331670229979e-23
1.276054228155904440e-23	-7.885808053939210143e-24	-1.439918330208059108e-23	4.204869583722200187e-24
1.447133594572576561e-23	-1.143003790982787718e-24	-1.425143353581728857e-23	-2.760917219772801900e-24
1.423656878489420524e-23	6.346151246783019376e-24	-1.201878335054535159e-23	-9.924836179339365528e-24
9.018157687318108680e-24	1.385791366355707743e-23	-4.968459385144784870e-24	-1.576969722341248288e-23
-5.230367251742419103e-25	1.676674924994431745e-23	5.015353288117139015e-24	-1.600761316442154493e-23
-8.988017211797572959e-24	1.284033743408627402e-23	1.211900605606179923e-23	-9.939235938134485427e-24
-1.316867671794649535e-23	6.642284913105119112e-24	1.447451571605878260e-23	-2.832382416662211316e-24
-1.466210618303271837e-23	1.378778180136437734e-25	1.414993397145908099e-23	3.843922035964665141e-24
-1.393025294137719808e-23	-7.402851040386677685e-24	1.139234878355589639e-23	1.091185317582282446e-23
-7.910180449467652024e-24	-1.441899213154758229e-23	3.679613991391687175e-24	1.602930846004049853e-23
1.393500930279444070e-24	-1.618291093720534101e-23	-5.763521378110070000e-24	1.518585765007291500e-23
9.092354069583177913e-24	-1.204324396840850667e-23	-1.204432538741218957e-23	9.090921502873724346e-24
1.273785348286109039e-23	-6.277732173907873697e-24	-1.397231299943146197e-23	2.537183880619026187e-24
1.444804620248632140e-23	-1.162431135145974001e-26	-1.389261885903452292e-23	-3.967532662926943489e-24
1.362733283411741953e-23	7.329154808603118835e-24	-1.107449759927119526e-23	-1.080630433145492380e-23
7.867713548689923807e-24	1.427140402020954301e-23	-3.611053305712363500e-24	-1.589132414922041348e-23
-1.090752154551365510e-24	1.592747297734366732e-23	5.466324925410021460e-24	-1.499978091561714606e-23
-8.570253832374733177e-24	1.241689523537678141e-23	1.168505313660979458e-23	-9.544007084671615867e-24
-1.233608567797017642e-23	6.915254880146709678e-24	1.377471355681944583e-23	-3.202659260550271658e-24
-1.446853493982399506e-23	1.196941596121283091e-24	1.422675769165160804e-23	2.893188219329138148e-24
-1.417144347178129890e-23	-6.005646260308870548e-24	1.192247203206062381e-23	9.734077137694509440e-24
-9.599021125161113210e-24	-1.308229054858018838e-23	5.540828215961596219e-24	1.525079523303502031e-23
-1.051518351995706794e-24	-1.591021925730392719e-23	-3.467339029686421869e-24	1.556336492257640709e-23
6.489421789138039315e-24	-1.346910911365955810e-23	-1.002429743378544754e-23	1.109247296287031663e-23
1.110029918605709067e-23	-8.575805296861064928e-24	-1.307154839709791722e-23	5.088781878993917761e-24
1.350605868740775731e-23	-3.418809344307577124e-24	-1.392129688691568647e-23	-5.471485966161119142e-25
1.453928995956123581e-23	3.189040341640164401e-24	-1.303562988654925052e-23	-7.185630403082984258e-24
1.156173866339833096e-23	1.045781007333123004e-23	-8.108200378074323729e-24	-1.331527990992241008e-23
4.464190451688502439e-24	1.515611129237364053e-23	4.312810269964201824e-26	-1.579983689354165795e-23
-3.662787361371125195e-24	1.449372399275467039e-23	7.652118115118770512e-24	-1.284247385767413777e-23
-9.101704261025525675e-24	1.068392558261034893e-23	1.178034268148806398e-23	-7.629601078473021449e-24
-1.237458687843417656e-23	5.907182995199342681e-24	1.354939869647275106e-23	-2.106894946291840114e-24
-1.430570340611137189e-23	4.818747331028358151e-25	1.383976627731408189e-23	3.653248224710354057e-24
-1.384667323572517721e-23	-6.720364668999498457e-24	1.132193020924133779e-23	1.042629163789087002e-23
-8.864002092800536224e-24	-1.300984319372525169e-23	4.728377209737905013e-24	1.501562526133769490e-23
-1.194198766277529639e-24	-1.542875004093110615e-23	-3.322689214484839629e-24	1.511397283651312122e-23
5.736451150836443847e-24	-1.322547612607851339e-23	-9.325812775515102102e-24	1.099314816799286190e-23
9.967260518419661256e-24	-9.352419780014927068e-24	-1.225516613806037521e-23	6.051854336664109024e-24
1.292875901191503718e-23	-4.764461330189060703e-24	-1.375588927072017735e-23	7.927242438116529610e-25
1.444995127576207130e-23	1.027899938582236796e-24	-1.352105424587112186e-23	-5.199880982853910500e-24
1.299715781335743520e-23	8.188867937325850274e-24	-1.003470736320131564e-23	-1.163135062901960757e-23
7.200172318419013721e-24	1.353917441853430487e-23	-2.917495822629650327e-24	-1.505456553592164264e-23
-1.074894087873795063e-25	1.474863880884439142e-23	4.432345515627617863e-24	-1.406727457316619448e-23
-6.221658856586281501e-24	1.229900808603236405e-23	9.563987697403828635e-24	-9.924957337537336682e-24
-9.953386213220025614e-24	8.638758535400281330e-24	1.205722221759259426e-23	-5.321789035471172587e-24
-1.292391445149144779e-23	4.334650719773422454e-24	1.362758010917418893e-23	-3.253029049081558254e-25
-1.430250691948154391e-23	-1.585832933782843172e-24	1.319315267953430106e-23	5.746067581414667990e-24
-1.264922926763037505e-23	-8.416625797545117488e-24	9.586142133161194998e-24	1.178764055626954357e-23
-6.959561922880522514e-24	-1.354403137033691473e-23	2.623611502208387297e-24	1.499976501831141156e-23
-2.008520292687534103e-26	-1.451170364727317354e-23	-4.298252221988926699e-24	1.386055460642991162e-23
5.718912605033089381e-24	-1.249911575027611788e-23	-9.184521768121106914e-24	1.022635887370066885e-23
9.530517952578086108e-24	-9.098855937313384302e-24	-1.181273205029876334e-23	5.837748994282005818e-24
1.252792000537553010e-23	-5.274725224665679286e-24	-1.353216738281062605e-23	1.285282762822658594e-24
1.441605247824723242e-23	3.834267778164981315e-25	-1.363845970837475860e-23	-4.686363401675462341e-24
1.324331695053981738e-23	6.978424147493763424e-24	-1.053705883074795516e-23	-1.063269667733147729e-23
8.541039774123993114e-24	1.244357100301480019e-23	-4.402718658830931143e-24	-1.443633915303394241e-23
1.823723029975903718e-24	1.423334061983286892e-23	2.549782509131122854e-24	-1.412135121177778138e-23
-3.795938424174799291e-24	1.289080209557951359e-23	7.509947745158459851e-24	-1.114372523227817162e-23
-7.996560148564030155e-24	1.018303172754387721e-23	1.070134194400069086e-23	-7.288373616338499600e-24
-1.111091419428935749e-23	6.766653394521681209e-24	1.263857681031207033e-23	-3.083243195775267925e-24
-1.368490119638650367e-23	2.126423585067839604e-24	1.368494056518479968e-23	2.126170206110756346e-24
-1.388547965027475654e-23	-4.291584343817848347e-24	1.192414525852602655e-23	8.308971124746321411e-24
-1.060226773315593981e-23	-1.016978143510561053e-23	7.002605388614700808e-24	1.291495463773228414e-23
-4.805587429297643055e-24	-1.357875693406035167e-23	4.354483006150028095e-25	1.439745446919027653e-23
1.257040676103909404e-24	-1.346093669794874601e-23	-5.309101772342092130e-24	1.243343904229546309e-23
5.701168757622135801e-24	-1.152139822553163164e-23	-8.953206585350780958e-24	9.224209132180468368e-24
9.329079017306874798e-24	-8.862520275237996598e-24	-1.159645344059710689e-23	5.576580362571986465e-24
1.228721753412424482e-23	-5.170610388544515450e-24	-1.328124603617568206e-23	1.148664549632500490e-24
1.421204584050612350e-23	4.749628613407136223e-26	-1.350881145039553692e-23	-4.415485937867585283e-24
1.321327726618035281e-23	6.463366021652317644e-24	-1.058017316913909544e-23	-1.021889094539311736e-23
8.980205293976301831e-24	1.139557764356516269e-23	-5.026668601479418248e-24	-1.361013885760843579e-23
3.288432194252873973e-24	1.357997782953007058e-23	1.068584608072703569e-24	-1.393153656572444051e-23
-2.086310473706788961e-24	1.293881315154423047e-23	5.988204029414169179e-24	-1.165791532244854227e-23
-5.976919645917356485e-24	1.102493042897190421e-23	9.099917702379065607e-24	-8.629261684950317123e-24
-9.459005764990064942e-24	8.611284568359066309e-24	1.166502331136935070e-23	-5.249213572010943754e-24
-1.244221755281720295e-23	4.791014339059512464e-24	1.331516551850647155e-23	-6.848089101951150166e-25
-1.398721693947918219e-23	-4.754621175116449777e-25	1.314362580449576822e-23	4.807640029019959203e-24
-1.277630639616860875e-23	-6.599129769652241750e-24	1.008078526645485974e-23	1.025476900067066153e-23
-8.486198948743007974e-24	-1.116270507696256449e-23	4.574721150006462084e-24	1.325494185700474180e-23
-3.201127276079493537e-24	-1.296628603222127874e-23	-1.015887413866236073e-24	1.331689761428633000e-23
1.723237622116882828e-24	-1.256887916218493008e-23	-5.574390693885588975e-24	1.139615898835249327e-23
5.526397618494031421e-24	-1.087275329047257415e-23	-8.658885444396286593e-24	8.589618013276306199e-24
8.844520099370236686e-24	-8.803822305843955819e-24	-1.116298956692855792e-23	5.578573913616618945e-24
1.206538045874757600e-23	-5.366270685418575791e-24	-1.314111807072138559e-23	1.296642793860538575e-24
1.377999862381815354e-23	-3.032883030610457748e-25	-1.317333676261114419e-23	-4.055064044628840830e-24
1.309294759479435811e-23	5.442204366081062729e-24	-1.070607595366266015e-23	-9.296386542986975003e-24
9.534620125721620825e-24	1.031044571303440675e-23	-5.786997206506836545e-24	-1.279550448693319083e-23
4.516933462933547186e-24	1.253608408912992859e-23	-3.167281979146670322e-25	-1.332125277317982131e-23
-9.113428927740147265e-26	1.266215096831493655e-23	4.100000995341005661e-24	-1.198033240111824980e-23
-4.044821808978819573e-24	1.159149546065959669e-23	7.515027704267322901e-24	-9.708125930630348686e-24
-7.369863057340039008e-24	9.824705308070862507e-24	1.011057232432614524e-23	-6.972520573576778047e-24
-1.066280627107882686e-23	7.285108129691377287e-24	1.242711855622357766e-23	-3.512116516492152907e-24
-1.327584225949187513e-23	2.939351100699455989e-24	1.352027692238003584e-23	1.445643294264269702e-24
-1.362932313390606346e-23	-2.538494638986818737e-24	1.210613303329828130e-23	6.756030424789099184e-24
-1.149607708200622549e-23	-7.686047036566821838e-24	8.436393807575857309e-24	1.095729742442186777e-23
-7.286569388621067961e-24	-1.119536390420844425e-23	3.320111040289119889e-24	1.293859069153179589e-23
-2.616311876581234628e-24	-1.223900250891969182e-23	-1.444170314762289789e-24	1.243192030021275308e-23
1.269064840711777070e-24	-1.189427609708850340e-23	-5.019042292928318838e-24	1.085787934660809246e-23
4.789588331448497338e-24	-1.088926435777571593e-23	-8.034783322131693986e-24	8.772598908229337223e-24
8.089405113927717265e-24	-9.079760052447527442e-24	-1.058079684198180200e-23	5.993934925903830936e-24
1.121598803969435404e-23	-6.207249702417378562e-24	-1.261781970717161114e-23	2.262512411466318964e-24
1.335662902613820014e-23	-1.620684020655817824e-24	-1.316531104952462823e-23	-2.775020829822962618e-24
1.304509035778516372e-23	3.771147681329843871e-24	-1.112750484869378092e-23	-7.782966858433570608e-24
1.045425269517467028e-23	8.292600900234240668e-24	-7.210048609078628872e-24	-1.122826024635410511e-23
6.441253143128305619e-24	1.116047223929857372e-23	-2.479618564509411396e-24	-1.264505335823280214e-23
2.147831041984930628e-24	1.198741175099076671e-23	1.855463166809916627e-24	-1.203613206596360485e-23
-1.377842254723148645e-24	1.161957432622339464e-23	5.075907490224601604e-24	-1.054268087121165773e-23
-4.655730607404155372e-24	1.088459123547293741e-23	7.941354927681620725e-24	-8.779808412752580693e-24
-8.052548410210205956e-24	9.258485520210957893e-24	1.062765954508522651e-23	-6.133183726295320878e-24
-1.110474979343123760e-23	6.406422170908300636e-24	1.258634024504594415e-23	-2.437570971798228253e-24
-1.322313448320146818e-23	2.141749035773992132e-24	1.319822225512831886e-23	2.290262822757712708e-24
-1.320491059837597615e-23	-3.064576526932162133e-24	1.147909448933776327e-23	7.210525841114583090e-24
-1.083619791226771224e-23	-7.507243592974499362e-24	7.784442242026212498e-24	1.063881339899566684e-23
-7.284569037025078120e-24	-1.032200186864581593e-23	3.502393739753657675e-24	1.213844745934366122e-23
-3.390792663883121596e-24	-1.156338397519267257e-23	-5.882145220081609832e-25	1.203591822518269713e-23
1.182164298926218285e-25	-1.151724149759214914e-23	-3.892594584329318947e-24	1.084013534233799354e-23
3.154557521187980524e-24	-1.102997730508944048e-23	-6.604569382056731442e-24	9.380367571842296705e-24
6.462429626320248372e-24	-1.004584961187933757e-23	-9.408233626636561531e-24	7.359839069318226488e-24
9.772001557616621840e-24	-7.726916933039451102e-24	-1.177208426841612122e-23	4.076185926753485063e-24
1.220179724512873698e-23	-4.063902691690869751e-24	-1.285938549733162129e-23	-1.880577830899211706e-25
1.311356921717611930e-23	5.878589333708262991e-25	-1.218385813822177288e-23	-4.885169045887774347e-24
1.183535218605606481e-23	5.321444918079411860e-24	-9.410645967185837549e-24	-8.934935918316604288e-24
8.825486265299744447e-24	8.705555454408572368e-24	-5.446784329440032043e-24	-1.113590786857289607e-23
5.383188450571698740e-24	1.049758187057311863e-23	-1.600718424131629727e-24	-1.168826948484674066e-23
2.015788584650505760e-24	1.120936480502232167e-23	1.816763971527773950e-24	-1.124333721018092605e-23
-1.100509454140531563e-24	1.111400206175753174e-23	4.728970844683610806e-24	-1.011775655160449698e-23
-4.044589144583569276e-24	1.062055914765466888e-23	7.345500679356171489e-24	-8.671712502550607963e-24
-7.326757750162929323e-24	9.478353772856135720e-24	1.006376081005262577e-23	-6.499329790912107414e-24
-1.050323674507214779e-23	6.865345931310696737e-24	1.219058642114909526e-23	-2.973307852896064219e-24
-1.248861461829717895e-23	2.948742637440581071e-24	1.275694674359569243e-23	1.385961041035894381e-24
-1.282790831736875641e-23	-1.516785614363027372e-24	1.158504191812501914e-23	5.713376773331453864e-24
-1.133656181037319808e-23	-5.769795601114021743e-24	8.755541447550012370e-24	9.227603639043052508e-24
-8.404806291266249772e-24	-8.767234556836740339e-24	4.986194454989649655e-24	1.107443160732556583e-23
-5.214062248092968399e-24	-1.025804674408731099e-23	1.476178606983374263e-24	1.141204910833953714e-23
-2.273523141844737750e-24	-1.095164775356084819e-23	-1.530996386865338740e-24	1.107987121125436289e-23
6.488125536369725923e-25	-1.113264724514269850e-23	-4.348660153154740174e-24	1.026868771006813800e-23
3.596373066364875088e-24	-1.076364536362287865e-23	-7.004610033840782976e-24	8.928908053067407957e-24
6.726482045475023118e-24	-9.756469032537623182e-24	-9.616748934161645664e-24	6.924766323007898219e-24
9.897565074500775419e-24	-7.498596404471244770e-24	-1.184475617224951484e-23	3.727263562063144413e-24
1.208034733460493950e-23	-3.808876543903304523e-24	-1.265722894988313917e-23	-4.867109631327535599e-25
1.256628149465599851e-23	4.381836254237799536e-25	-1.168120565659584138e-23	-4.653264434871144046e-24
1.149030344996978508e-23	4.410247032409238551e-24	-9.324942720349712683e-24	-8.032608263911476353e-24
9.137532126669996774e-24	7.543967281351096705e-24	-6.048146211027049729e-24	-1.018949768722979214e-23
6.179594695618919630e-24	9.358816444402430374e-24	-2.646801005785300960e-24	-1.089813196276833398e-23
3.447483350937245540e-24	1.018052443209952576e-23	2.060522052302298170e-25	-1.074643018198530188e-23
8.814471585055382968e-25	1.068650117364674145e-23	2.795456976746626792e-24	-1.035198902234489764e-23
-1.952436515717706160e-24	1.080453171258197866e-23	5.504784209571473176e-24	-9.499856034811798564e-24
-4.989040401760309843e-24	1.019018410979645505e-23	8.155241342757636664e-24	-7.888118594653699104e-24
-8.058638929754706850e-24	8.661962458533024902e-24	1.052468098034196685e-23	-5.403919438261603118e-24
-1.077428793867700838e-23	5.880371589541308684e-24	1.213276523757559134e-23	-1.860123196587459226e-24
-1.222351678537524255e-23	1.988415696278908863e-24	1.216930297632412082e-23	2.297003407482792427e-24
-1.196375343315010275e-23	-2.023321056474338624e-24	1.055561496779959109e-23	5.983662503713633659e-24
-1.044015490628694166e-23	-5.379652841741107965e-24	7.975335269872205164e-24	8.621573319183275030e-24
-8.137022226353728402e-24	-7.868437582256230354e-24	4.957214784991052792e-24	1.017592562244354206e-23
-5.487919202913530852e-24	-9.354952511576556125e-24	1.955877300634424777e-24	1.066803344841131341e-23
-3.021028448358429122e-24	-1.008293051641702310e-23	-6.148079192113582321e-25	1.050781194669754298e-23
-6.717819023721032338e-25	-1.060582696251404345e-23	-3.004549190682916801e-24	1.019350482630538465e-23
2.066437073608640189e-24	-1.084762988822553003e-23	-5.662972048676834676e-24	9.480083541141025304e-24
5.152485940261567257e-24	-1.025253907669814843e-23	-8.360153615028080754e-24	7.859421124799750233e-24
8.124882034222318836e-24	-8.616438205919175189e-24	-1.059165591626752464e-23	5.298446977921682493e-24
1.060367432707587897e-23	-5.937417595085537765e-24	-1.199913090050476147e-23	1.926575865537409475e-24
1.201809313422952624e-23	-2.323342900301810407e-24	-1.208306921225950864e-23	-1.957529878991398987e-24
1.186636124023695960e-23	1.510514633731198766e-24	-1.061849580536208946e-23	-5.508151266443384069e-24
1.045284494071760404e-23	4.678116425451534850e-24	-8.197121523437930661e-24	-7.997120692771597977e-24
8.467680696597715117e-24	6.975044542882826600e-24	-5.538283597081560535e-24	-9.469967135794633028e-24
6.233598775784340443e-24	8.570944839168260718e-24	-2.887201503976465117e-24	-1.019720141063032635e-23
3.937344806886966994e-24	9.544947965430523622e-24	-3.924541936189500224e-25	-1.031768847644698793e-23
1.730571508801118741e-24	1.015257997202531529e-23	1.891561783437219011e-24	-1.012382101061074330e-23
-6.709912857518721968e-25	1.061058814886588409e-23	4.306307839448115055e-24	-9.720623589169360154e-24
-3.579358660889027481e-24	1.052966361847759183e-23	7.009205951512302700e-24	-8.634619636721493112e-24
-6.645510797608908412e-24	9.370598393831996318e-24	9.485109089128884538e-24	-6.481021029664077425e-24
-9.243884530310658779e-24	7.138563873853220636e-24	1.114820412997419037e-23	-3.482246411043513612e-24
-1.101263831300803813e-23	4.114744938984485515e-24	1.175621171772758846e-23	-2.854074272843967433e-26
-1.164045579957085999e-23	6.064982050595445965e-25	1.112382772995260408e-23	3.482600742095024618e-24
-1.093864551354574192e-23	-2.761873284517942552e-24	9.291596284581762884e-24	6.399074010753017137e-24
-9.317265307292445781e-24	-5.341309874913719569e-24	6.870696304789703684e-24	8.254365891676677301e-24
-7.444093839611897954e-24	-7.113917023973706844e-24	4.494189680140913801e-24	9.264157146543101655e-24
-5.532127005655273820e-24	-8.433285558696885150e-24	2.238985290605324305e-24	9.834209647433737656e-24
-3.497209133227199303e-24	-9.417976854341692119e-24	-1.479029168141975813e-26	1.004631977381347085e-23
-1.346383180918348167e-24	-1.008170981645030249e-23	-2.265005432954921331e-24	9.915814181480756848e-24
1.032403387941374613e-24	-1.048261968717060505e-23	-4.636658609129820424e-24	9.457936836523698034e-24
3.841739543398389142e-24	-1.035065540003494427e-23	-7.224588112550604296e-24	8.348673938630967880e-24
6.820200235862287599e-24	-9.182868512643479685e-24	-9.607024688850325099e-24	6.208484678693779006e-24
9.290764143922686975e-24	-6.917824367420249913e-24	-1.112751280708449480e-23	3.217615745337435880e-24
1.082434883072928710e-23	-3.989213435661041302e-24	-1.153585472018381105e-23	-6.638764479878310743e-26
1.134880098730950007e-23	-8.098460601485509794e-25	-1.090934390221775873e-23	-3.230688798668087011e-24
1.083743254308268071e-23	2.265802595627008965e-24	-9.347807826764231219e-24	-5.933152143852626149e-24
9.462324391648787390e-24	4.772534703160596555e-24	-7.176502272266391919e-24	-7.798107816760365329e-24
7.754249640309679612e-24	6.502220265426419451e-24	-4.966248484445350311e-24	-8.817234932511953056e-24
6.106645528038809688e-24	7.761363013484963461e-24	-2.977900629619397894e-24	-9.416049239055687893e-24
4.406818452362196858e-24	8.879334493040701190e-24	-9.901640622555749184e-25	-9.863174186903517120e-24
2.426085531463947557e-24	9.801918313126227087e-24	1.191630256105410192e-24	-1.002713872228324865e-23
1.572437670219785517e-25	1.036011109696373219e-23	3.514245441640339666e-24	-9.747138375934159812e-24
-2.386641819936993883e-24	1.045555527184021635e-23	5.930288642206109323e-24	-8.935679707739032119e-24
-5.184462991451132436e-24	9.831664982134440249e-24	8.328742571343866269e-24	-7.360186139693709505e-24
-7.862746349206188247e-24	8.178971253953576250e-24	1.025007605707192657e-23	-4.863567800411032298e-24
-9.807735329549784239e-24	5.619877143020568627e-24	1.116299570524714433e-23	-1.778262714499148020e-24
-1.072454268245494285e-23	2.691661027578074540e-24	1.098189986844387790e-23	1.287916967297527885e-24
-1.073605312855768503e-23	-1.647183858875517057e-25	9.978242946856820881e-24	3.965430193480242848e-24
-1.001342544198558135e-23	-2.740844506092988733e-24	8.386403034877828124e-24	6.119572029592935880e-24
-8.721172692191355344e-24	-4.830226653677852461e-24	6.434009842731719344e-24	7.615343721497770926e-24
-7.200647233225976221e-24	-6.324092989433673062e-24	4.479338668750062350e-24	8.472248686565417887e-24
-5.748150149226715832e-24	-7.456033340353740552e-24	2.716637989337075534e-24	9.014074625019048049e-24
-4.256934084384057284e-24	-8.545585795318809874e-24	9.325737767415589175e-25	9.501517275408140837e-24
-2.413549243002767865e-24	-9.553522879708497203e-24	-1.151665415405514348e-24	9.786147665576674948e-24
-1.499667914259305152e-25	-1.017239963891315163e-23	-3.489755031151909922e-24	9.556244778930735473e-24
2.363152816651134667e-24	-1.020130301504765656e-23	-5.850119859189632106e-24	8.684881811100350376e-24
4.970338481858219816e-24	-9.546744449407981769e-24	-8.053624060441804770e-24	7.140289468895193317e-24
7.452413132941385215e-24	-8.062096635181777573e-24	-9.842606152881167557e-24	4.864048496706458486e-24
9.370291635229406860e-24	-5.746165255911861293e-24	-1.080604340462636401e-23	2.012512463273184245e-24
1.033971787324764901e-23	-2.988086859207520628e-24	-1.072405612933440467e-23	-9.127151315776045581e-25
1.039187353232805768e-23	-3.182822991273255025e-25	-9.815781883117128423e-24	-3.426771827377445614e-24
9.834577198552300491e-24	2.005980468122510071e-24	-8.461161401357637557e-24	-5.399223467587674484e-24
8.885541456757333419e-24	3.975406114365225001e-24	-6.867182084987027751e-24	-6.899167411037282094e-24
7.658556003365246972e-24	5.571556330956636241e-24	-5.147046075146700509e-24	-7.950071490623325092e-24
6.330063716486565153e-24	6.803966400569576202e-24	-3.462343944657267481e-24	-8.624142846901050223e-24
5.010663542253065845e-24	7.863155740137250999e-24	-1.848068996746796388e-24	-9.138961008264601908e-24
3.528589198899223843e-24	8.929975207305161543e-24	-7.901165668778394777e-26	-9.601518426570902217e-24
1.609504046801530236e-24	9.865531952816770888e-24	2.050711015446997475e-24	-9.783343412138997677e-24
-7.508977006692753521e-25	1.030952398616469835e-23	4.415076552991983967e-24	-9.346509038640901325e-24
-3.277685452027702256e-24	1.004279361711192838e-23	6.678150818098887460e-24	-8.185549902667706119e-24
-5.699951964626986418e-24	9.066954446869197752e-24	8.587299744992953492e-24	-6.399796749139782828e-24
-7.821808631712486615e-24	7.417123117805399392e-24	9.972049946197115442e-24	-4.092997127578438092e-24
-9.377890196049486773e-24	5.163519494670175006e-24	1.060993453105395181e-23	-1.426901309743947730e-24
-1.010208428675297714e-23	2.599664590093091650e-24	1.035868036804267817e-23	1.228048838757027934e-24
-1.001235498751899821e-23	1.699655030927560782e-25	9.395809850013013351e-24	3.463365116579040129e-24
-9.414798634290580053e-24	-1.856418328276708900e-24	8.104414979017177522e-24	5.138402493157134400e-24
-8.604706889958016391e-24	-3.535299684339902852e-24	6.739948685293232368e-24	6.411896462030466117e-24
-7.648298180017428602e-24	-4.995171424454375058e-24	5.317861907317303290e-24	7.427553254258567776e-24
-6.541546700102587841e-24	-6.271477557671192531e-24	3.821744122117782149e-24	8.216905491184298344e-24
-5.319421454337449209e-24	-7.380902580345603094e-24	2.278296282727133948e-24	8.808140187209196759e-24
-3.955986022531035478e-24	-8.423079355988723907e-24	6.273214954551290747e-25	9.284641026398612908e-24
-2.264102516023558161e-24	-9.384301365864368415e-24	-1.300461421761422524e-24	9.565567020252292198e-24
-1.191890629861187923e-25	-1.001544814504404579e-23	-3.530388745498988664e-24	9.373353875985681797e-24
2.323082111387354641e-24	-9.987993889206390009e-24	-5.797590629862882150e-24	8.458408556909404234e-24
4.704868601266333441e-24	-9.207063666277462742e-24	-7.733716551226486307e-24	6.862611617697296431e-24
6.752053159683276206e-24	-7.796791759695217580e-24	-9.128209354827892852e-24	4.801664043815719335e-24
8.330792478452675022e-24	-5.926011466580860395e-24	-9.917639382112208619e-24	2.481963800595905170e-24
9.328029782066306326e-24	-3.725924053114022451e-24	-1.004440711591267602e-23	6.734504059242817896e-26
9.634590706437753929e-24	-1.436282961338727112e-24	-9.494298173277633578e-24	-2.178657619385308963e-24
9.322571619582914905e-24	6.349960194996389344e-25	-8.446991473452478732e-24	-3.995234235242573875e-24
8.670812822056744376e-24	2.309323913547763840e-24	-7.227610097745727329e-24	-5.317670938276570279e-24
7.941395904975314112e-24	3.690439299636247539e-24	-6.042522484140388509e-24	-6.338220031879316170e-24
7.169244402048662363e-24	4.967256429534227601e-24	-4.855342341621262514e-24	-7.245505674465720440e-24
