0.000000000000000000e+00
0.000000000000000000e+00
0.000000000000000000e+00
0.000000000000000000e+00
0.000000000000000000e+00
0.000000000000000000e+00
0.000000000000000000e+00
0.000000000000000000e+00
0.000000000000000000e+00
0.000000000000000000e+00
0.000000000000000000e+00
0.000000000000000000e+00
0.000000000000000000e+00
0.000000000000000000e+00
0.000000000000000000e+00
0.000000000000000000e+00
0.000000000000000000e+00
0.000000000000000000e+00
0.000000000000000000e+00
0.000000000000000000e+00
0.000000000000000000e+00
0.000000000000000000e+00
0.000000000000000000e+00
0.000000000000000000e+00
0.000000000000000000e+00
0.000000000000000000e+00
0.000000000000000000e+00
0.000000000000000000e+00
0.000000000000000000e+00
0.000000000000000000e+00
0.000000000000000000e+00
0.000000000000000000e+00
0.000000000000000000e+00
0.000000000000000000e+00
0.000000000000000000e+00
0.000000000000000000e+00
0.000000000000000000e+00
0.000000000000000000e+00
0.000000000000000000e+00
0.000000000000000000e+00
0.000000000000000000e+00
0.000000000000000000e+00
0.000000000000000000e+00
0.000000000000000000e+00
0.000000000000000000e+00
0.000000000000000000e+00
0.000000000000000000e+00
0.000000000000000000e+00
0.000000000000000000e+00
0.000000000000000000e+00
0.000000000000000000e+00
0.000000000000000000e+00
0.000000000000000000e+00
0.000000000000000000e+00
0.000000000000000000e+00
0.000000000000000000e+00
0.000000000000000000e+00
0.000000000000000000e+00
0.000000000000000000e+00
0.000000000000000000e+00
0.000000000000000000e+00
0.000000000000000000e+00
0.000000000000000000e+00
0.000000000000000000e+00
0.000000000000000000e+00
0.000000000000000000e+00
0.000000000000000000e+00
0.000000000000000000e+00
0.000000000000000000e+00
0.000000000000000000e+00
0.000000000000000000e+00
0.000000000000000000e+00
0.000000000000000000e+00
0.000000000000000000e+00
0.000000000000000000e+00
0.000000000000000000e+00
0.000000000000000000e+00
0.000000000000000000e+00
0.000000000000000000e+00
0.000000000000000000e+00
0.000000000000000000e+00
0.000000000000000000e+00
0.000000000000000000e+00
0.000000000000000000e+00
0.000000000000000000e+00
0.000000000000000000e+00
0.000000000000000000e+00
0.000000000000000000e+00
0.000000000000000000e+00
0.000000000000000000e+00
0.000000000000000000e+00
0.000000000000000000e+00
0.000000000000000000e+00
0.000000000000000000e+00
0.000000000000000000e+00
0.000000000000000000e+00
0.000000000000000000e+00
0.000000000000000000e+00
0.000000000000000000e+00
0.000000000000000000e+00
0.000000000000000000e+00
0.000000000000000000e+00
0.000000000000000000e+00
0.000000000000000000e+00
0.000000000000000000e+00
0.000000000000000000e+00
0.000000000000000000e+00
0.000000000000000000e+00
0.000000000000000000e+00
0.000000000000000000e+00
0.000000000000000000e+00
0.000000000000000000e+00
0.000000000000000000e+00
0.000000000000000000e+00
0.000000000000000000e+00
0.000000000000000000e+00
0.000000000000000000e+00
0.000000000000000000e+00
0.000000000000000000e+00
0.000000000000000000e+00
0.000000000000000000e+00
0.000000000000000000e+00
0.000000000000000000e+00
0.000000000000000000e+00
0.000000000000000000e+00
0.000000000000000000e+00
0.000000000000000000e+00
0.000000000000000000e+00
0.000000000000000000e+00
0.000000000000000000e+00
0.000000000000000000e+00
0.000000000000000000e+00
0.000000000000000000e+00
0.000000000000000000e+00
0.000000000000000000e+00
0.000000000000000000e+00
0.000000000000000000e+00
0.000000000000000000e+00
0.000000000000000000e+00
0.000000000000000000e+00
0.000000000000000000e+00
0.000000000000000000e+00
0.000000000000000000e+00
0.000000000000000000e+00
0.000000000000000000e+00
0.000000000000000000e+00
0.000000000000000000e+00
0.000000000000000000e+00
0.000000000000000000e+00
0.000000000000000000e+00
0.000000000000000000e+00
0.000000000000000000e+00
0.000000000000000000e+00
0.000000000000000000e+00
0.000000000000000000e+00
0.000000000000000000e+00
0.000000000000000000e+00
0.000000000000000000e+00
0.000000000000000000e+00
0.000000000000000000e+00
0.000000000000000000e+00
5.191995197882981472e-02
1.027759900753851263e-01
1.525962824574700338e-01
2.014080849876171975e-01
2.492377760989294977e-01
2.961108901363664891e-01
3.420521492398653773e-01
3.870854938412811586e-01
4.312341118431852749e-01
4.745204665439892722e-01
5.169663233701515814e-01
5.585927754730717343e-01
5.994202682451916786e-01
6.394686228067740785e-01
6.787570585122736366e-01
7.173042145225099198e-01
7.551281704864338806e-01
7.922464663740527158e-01
8.286761214998983327e-01
8.644336527742914056e-01
8.995350922179409237e-01
9.339960037733713305e-01
9.678314994451571174e-01
1.001056254799227663e+00
1.033684523850008308e+00
1.065730153362704158e+00
1.097206596596749018e+00
1.128126926515045980e+00
1.158503848482507204e+00
1.188349712476205022e+00
1.217676524828348761e+00
1.246495959522315289e+00
1.274819369060970153e+00
1.302657794925558887e+00
1.330021977642623643e+00
1.356922366475569852e+00
1.383369128756662292e+00
1.409372158874590220e+00
1.434941086931910359e+00
1.460085287086151151e+00
1.484813885587579874e+00
1.509135768526156163e+00
1.533059589299537118e+00
1.556593775813516878e+00
1.579746537425717356e+00
1.602525871642908051e+00
1.624939570581820369e+00
1.646995227202917134e+00
1.668700241326120715e+00
1.690061825437148890e+00
1.711087010292685395e+00
1.731782650332281737e+00
1.752155428904497825e+00
1.772211863314538061e+00
1.791958309700239838e+00
1.811400967743038048e+00
1.830545885220216107e+00
1.849398962404489755e+00
1.867965956316725462e+00
1.886252484837326548e+00
1.904264030681608988e+00
1.922005945244251501e+00
1.939483452317706025e+00
1.956701651689228605e+00
1.973665522621030455e+00
1.990379927217838629e+00
2.006849613685982803e+00
2.023079219487953218e+00
2.039073274396271174e+00
2.054836203450221888e+00
2.070372329819042623e+00
2.085685877574835700e+00
2.100780974378468002e+00
2.115661654081554488e+00
2.130331859247447390e+00
2.144795443594123885e+00
2.159056174361714486e+00
2.173117734607261209e+00
2.186983725429274550e+00
2.200657668124512689e+00
2.214143006279300607e+00
2.227443107797665078e+00
2.240561266868419388e+00
2.253500705873297427e+00
2.266264577238139122e+00
2.278855965229015901e+00
2.291277887695196913e+00
2.303533297760708365e+00
2.315625085466204158e+00
2.327556079362804731e+00
2.339329048059501925e+00
2.350946701725644239e+00
2.362411693549983926e+00
2.373726621157723038e+00
2.384894027986905307e+00
2.395916404625482166e+00
2.406796190110333633e+00
2.417535773189447568e+00
2.428137493548478520e+00
2.438603643002768884e+00
2.448936466655988298e+00
2.459138164026415829e+00
2.469210890141894765e+00
2.479156756604459666e+00
2.488977832625558939e+00
2.498676146032832612e+00
2.508253684249283744e+00
2.517712395245736534e+00
2.527054188467396045e+00
2.536280935735296005e+00
2.545394472123413632e+00
2.554396596812207321e+00
2.563289073919262862e+00
2.572073633307778717e+00
2.580751971373544507e+00
2.589325751811040632e+00
2.597796606359327409e+00
2.606166135528297456e+00
2.614435909305881545e+00
2.622607467846775009e+00
2.630682322143247376e+00
2.638661954678532151e+00
2.646547820063333667e+00
2.654341345655932827e+00
2.662043932166383797e+00
2.669656954245241742e+00
2.677181761057292331e+00
2.684619676840700020e+00
2.691972001452007213e+00
2.699240010897376418e+00
2.706424957850481317e+00
2.713528072157420645e+00
2.720550561329016404e+00
2.727493611020872066e+00
2.734358385501514555e+00
2.741146028108973454e+00
2.747857661696097686e+00
2.754494389064953808e+00
2.761057293390588363e+00
2.767547438634445633e+00
2.773965869947754292e+00
2.780313614065117456e+00
2.786591679688624090e+00
2.792801057862686065e+00
2.798942722339910816e+00
2.805017629938202361e+00
2.811026720889364228e+00
2.816970919179414778e+00
2.822851132880847214e+00
2.828668254477038069e+00
2.834423161179035144e+00
2.840116715234909162e+00
2.845749764231863210e+00
2.851323141391324700e+00
2.856837665857162367e+00
2.862294142977231282e+00
2.867693364578429716e+00
2.873036109235416191e+00
2.878323142533161239e+00
2.883555217323501729e+00
2.888733073975844334e+00
2.893857440622166877e+00
2.898929033396475230e+00
2.903948556668844105e+00
2.908916703274192272e+00
2.913834154735929438e+00
2.918701581484575591e+00
2.923519643071532670e+00
2.928288988378072055e+00
2.933010255819707979e+00
2.937684073546044328e+00
2.942311059636214310e+00
2.946891822290024887e+00
2.951426960014918777e+00
2.955917061808848612e+00
2.960362707339161403e+00
2.964764467117606550e+00
2.969122902671556652e+00
2.973438566711517073e+00
2.977712003295047261e+00
2.981943747987149784e+00
2.986134328017239881e+00
2.990284262432747475e+00
2.994394062249474686e+00
2.998464230598742120e+00
3.002495262871434534e+00
3.006487646859007157e+00
3.010441862891516607e+00
3.014358383972773225e+00
3.018237675912653017e+00
3.022080197456659789e+00
3.025886400412782340e+00
3.029656729775736856e+00
3.033391623848624263e+00
3.037091514362090017e+00
3.040756826591032969e+00
3.044387979468913485e+00
3.047985385699733651e+00
3.051549451867728191e+00
3.055080578544829173e+00
3.058579160395948016e+00
3.062045586282134746e+00
3.065480239361646042e+00
3.068883497188993559e+00
3.072255731811996959e+00
3.075597309866900275e+00
3.078908592671590227e+00
3.082189936316955148e+00
3.085441691756446225e+00
3.088664204893844634e+00
3.091857816669318915e+00
3.095022863143773950e+00
3.098159675581553252e+00
3.101268580531516328e+00
3.104349899906537757e+00
3.107403951061454617e+00
3.110431046869508442e+00
3.113431495797293280e+00
3.116405601978270212e+00
3.119353665284855470e+00
3.122275981399129652e+00
3.125172841882188468e+00
3.128044534242168773e+00
3.130891342000979627e+00
3.133713544759761493e+00
3.136511418263103756e+00
3.139285234462052987e+00
3.142035261575926608e+00
3.144761764152964378e+00
3.147465003129841676e+00
3.150145235890072115e+00
3.152802716321313259e+00
3.155437694871608301e+00
3.158050418604582799e+00
3.160641131253620006e+00
3.163210073275028122e+00
3.165757481900233650e+00
3.168283591187013748e+00
3.170788632069786672e+00
3.173272832408980726e+00
3.175736417039506154e+00
3.178179607818339303e+00
3.180602623671246576e+00
3.183005680638657964e+00
3.185388991920714563e+00
3.187752767921502972e+00
3.190097216292492099e+00
3.192422541975191930e+00
3.194728947243047124e+00
3.197016631742588544e+00
3.199285792533841821e+00
3.201536624130026709e+00
3.203769318536546784e+00
3.205984065289293028e+00
3.208181051492271507e+00
3.210360461854564473e+00
3.212522478726651975e+00
3.214667282136084658e+00
3.216795049822541941e+00
3.218905957272278684e+00
3.221000177751969673e+00
3.223077882341966571e+00
3.225139239968985549e+00
3.227184417438218489e+00
3.229213579464904171e+00
3.231226888705349243e+00
3.233224505787418934e+00
3.235206589340503314e+00
3.237173296024979940e+00
3.239124780561164929e+00
3.241061195757782620e+00
3.242982692539939649e+00
3.244889419976641154e+00
3.246781525307829153e+00
3.248659153970975932e+00
3.250522449627223587e+00
3.252371554187090119e+00
3.254206607835744336e+00
3.256027749057859744e+00
3.257835114662051001e+00
3.259628839804912026e+00
3.261409058014649087e+00
3.263175901214327546e+00
3.264929499744733121e+00
3.266669982386854798e+00
3.268397476384005351e+00
3.270112107463574613e+00
3.271813999858424804e+00
3.273503276327943468e+00
3.275180058178749132e+00
3.276844465285063013e+00
3.278496616108749429e+00
3.280136627719030251e+00
3.281764615811888497e+00
3.283380694729151728e+00
3.284984977477273471e+00
3.286577575745810442e+00
3.288158599925610659e+00
3.289728159126702245e+00
3.291286361195904231e+00
3.292833312734156692e+00
3.294369119113575550e+00
3.295893884494235593e+00
3.297407711840689704e+00
3.298910702938230965e+00
3.300402958408895859e+00
3.301884577727217440e+00
3.303355659235731157e+00
3.304816300160240861e+00
3.306266596624846787e+00
3.307706643666733726e+00
3.309136535250739364e+00
3.310556364283693931e+00
3.311966222628528467e+00
3.313366201118184140e+00
3.314756389569290196e+00
3.316136876795642063e+00
3.317507750621470741e+00
3.318869097894506126e+00
3.320221004498842721e+00
3.321563555367616605e+00
3.322896834495475460e+00
3.324220924950871847e+00
3.325535908888166414e+00
3.326841867559546806e+00
3.328138881326767162e+00
3.329427029672713534e+00
3.330706391212794770e+00
3.331977043706162434e+00
3.333239064066762403e+00
3.334492528374219944e+00
3.335737511884569351e+00
3.336974089040817937e+00
3.338202333483354600e+00
3.339422318060206507e+00
3.340634114837141677e+00
3.341837795107624132e+00
3.343033429402626489e+00
3.344221087500286238e+00
3.345400838435437230e+00
3.346572750508990168e+00
3.347736891297178552e+00
3.348893327660672270e+00
3.350042125753557976e+00
3.351183351032188451e+00
3.352317068263903632e+00
3.353443341535626843e+00
3.354562234262337128e+00
3.355673809195418134e+00
3.356778128430887520e+00
3.357875253417510031e+00
3.358965244964795094e+00
3.360048163250874964e+00
3.361124067830275841e+00
3.362193017641577075e+00
3.363255071014961572e+00
3.364310285679660062e+00
3.365358718771286117e+00
3.366400426839074811e+00
3.367435465853011234e+00
3.368463891210864869e+00
3.369485757745126264e+00
3.370501119729836237e+00
3.371510030887336029e+00
3.372512544394904666e+00
3.373508712891323480e+00
3.374498588483329620e+00
3.375482222751999828e+00
3.376459666759024980e+00
3.377430971052918451e+00
3.378396185675124563e+00
3.379355360166046651e+00
3.380308543570995639e+00
3.381255784446054236e+00
3.382197130863858980e+00
3.383132630419308118e+00
3.384062330235188654e+00
3.384986276967724805e+00
3.385904516812056730e+00
3.386817095507637987e+00
3.387724058343568601e+00
3.388625450163844643e+00
3.389521315372547861e+00
3.390411697938962021e+00
3.391296641402612888e+00
3.392176188878254450e+00
3.393050383060777442e+00
3.393919266230055243e+00
3.394782880255729829e+00
3.395641266601922226e+00
3.396494466331897222e+00
3.397342520112649922e+00
3.398185468219443894e+00
3.399023350540277821e+00
3.399856206580306406e+00
3.400684075466190670e+00
3.401506995950398959e+00
3.402325006415449327e+00
3.403138144878095073e+00
3.403946448993454332e+00
3.404749956059092142e+00
3.405548703019043000e+00
3.406342726467781468e+00
3.407132062654147031e+00
3.407916747485207676e+00
3.408696816530086160e+00
3.409472305023725891e+00
3.410243247870615502e+00
3.411009679648460136e+00
3.411771634611810988e+00
3.412529146695642890e+00
3.413282249518890588e+00
3.414030976387935290e+00
3.414775360300053464e+00
3.415515433946812784e+00
3.416251229717433002e+00
3.416982779702098405e+00
3.417710115695232531e+00
3.418433269198730695e+00
3.419152271425144551e+00
3.419867153300841345e+00
3.420577945469106318e+00
3.421284678293221138e+00
3.421987381859492139e+00
3.422686085980247483e+00
3.423380820196795238e+00
3.424071613782343704e+00
3.424758495744885334e+00
3.425441494830045563e+00
3.426120639523897449e+00
3.426795958055737223e+00
3.427467478400830103e+00
3.428135228283121005e+00
3.428799235177908855e+00
3.429459526314491136e+00
3.430116128678776910e+00
3.430769069015863870e+00
3.431418373832586965e+00
3.432064069400032835e+00
3.432706181756028041e+00
3.433344736707593103e+00
3.433979759833368561e+00
3.434611276486012166e+00
3.435239311794560102e+00
3.435863890666774001e+00
3.436485037791444874e+00
3.437102777640676621e+00
3.437717134472142000e+00
3.438328132331307962e+00
3.438935795053639666e+00
3.439540146266771181e+00
3.440141209392657107e+00
3.440739007649692205e+00
3.441333564054812832e+00
3.441924901425565064e+00
3.442513042382154165e+00
3.443098009349471411e+00
3.443679824559086278e+00
3.444258510051228406e+00
3.444834087676738488e+00
3.445406579098996946e+00
3.445976005795829522e+00
3.446542389061395539e+00
3.447105750008045977e+00
3.447666109568165105e+00
3.448223488495989919e+00
3.448777907369408258e+00
3.449329386591733382e+00
3.449877946393461237e+00
3.450423606834005064e+00
3.450966387803413138e+00
3.451506309024060304e+00
3.452043390052326188e+00
3.452577650280254318e+00
3.453109108937181926e+00
3.453637785091366652e+00
3.454163697651580378e+00
3.454686865368695514e+00
3.455207306837243308e+00
3.455725040496965050e+00
3.456240084634335297e+00
3.456752457384074440e+00
3.457262176730639514e+00
3.457769260509704790e+00
3.458273726409617055e+00
3.458775591972841124e+00
3.459274874597384475e+00
3.459771591538207680e+00
3.460265759908622840e+00
3.460757396681666265e+00
3.461246518691465379e+00
3.461733142634586091e+00
3.462217285071367279e+00
3.462698962427233518e+00
3.463178190994005590e+00
3.463654986931181679e+00
3.464129366267217236e+00
3.464601344900781754e+00
3.465070938602006212e+00
3.465538163013716311e+00
3.466003033652647503e+00
3.466465565910652913e+00
3.466925775055895276e+00
3.467383676234025547e+00
3.467839284469343752e+00
3.468292614665959839e+00
3.468743681608927432e+00
3.469192499965374488e+00
3.469639084285617958e+00
3.470083449004265130e+00
3.470525608441309195e+00
3.470965576803202168e+00
3.471403368183928251e+00
3.471838996566054547e+00
3.472272475821779558e+00
3.472703819713963913e+00
3.473133041897152662e+00
3.473560155918585135e+00
3.473985175219199473e+00
3.474408113134612286e+00
3.474828982896108087e+00
3.475247797631600744e+00
3.475664570366590933e+00
3.476079314025116052e+00
3.476492041430685909e+00
3.476902765307212650e+00
3.477311498279922919e+00
3.477718252876269567e+00
3.478123041526826942e+00
3.478525876566183506e+00
3.478926770233814914e+00
3.479325734674957538e+00
3.479722781941467780e+00
3.480117923992674278e+00
3.480511172696218125e+00
3.480902539828888642e+00
3.481292037077447610e+00
3.481679676039444171e+00
3.482065468224023519e+00
3.482449425052725811e+00
3.482831557860277538e+00
3.483211877895371344e+00
3.483590396321444516e+00
3.483967124217441036e+00
3.484342072578572758e+00
3.484715252317068579e+00
3.485086674262917406e+00
3.485456349164604894e+00
3.485824287689835987e+00
3.486190500426260108e+00
3.486554997882181262e+00
3.486917790487262359e+00
3.487278888593224657e+00
3.487638302474537877e+00
3.487996042329103652e+00
3.488352118278932767e+00
3.488706540370813958e+00
3.489059318576977375e+00
3.489410462795751844e+00
3.489759982852210118e+00
3.490107888498819033e+00
3.490454189416068775e+00
3.490798895213105268e+00
3.491142015428356338e+00
3.491483559530144554e+00
3.491823536917301851e+00
3.492161956919770383e+00
3.492498828799207367e+00
3.492834161749571731e+00
3.493167964897712974e+00
3.493500247303953365e+00
3.493831017962661267e+00
3.494160285802822230e+00
3.494488059688602544e+00
3.494814348419902572e+00
3.495139160732917638e+00
3.495462505300677591e+00
3.495784390733591707e+00
3.496104825579984698e+00
3.496423818326627408e+00
3.496741377399262163e+00
3.497057511163123245e+00
3.497372227923452037e+00
3.497685535926008171e+00
3.497997443357573566e+00
3.498307958346452473e+00
3.498617088962969746e+00
3.498924843219957559e+00
3.499231229073242577e+00
3.499536254422127790e+00
3.499839927109866800e+00
3.500142254924137220e+00
3.500443245597508746e+00
3.500742906807901900e+00
3.501041246179048105e+00
3.501338271280943992e+00
3.501633989630301702e+00
3.501928408690988093e+00
3.502221535874471492e+00
3.502513378540255573e+00
3.502803943996311009e+00
3.503093239499503575e+00
3.503381272256018697e+00
3.503668049421779784e+00
3.503953578102867450e+00
3.504237865355925408e+00
3.504520918188574363e+00
3.504802743559811251e+00
3.505083348380412911e+00
3.505362739513330439e+00
3.505640923774081763e+00
3.505917907931141109e+00
3.506193698706321804e+00
3.506468302775163082e+00
3.506741726767302225e+00
3.507013977266851157e+00
3.507285060812768585e+00
3.507554983899224155e+00
3.507823752975965270e+00
3.508091374448675914e+00
3.508357854679334586e+00
3.508623199986564689e+00
3.508887416645991131e+00
3.509150510890582275e+00
3.509412488910993666e+00
3.509673356855913973e+00
3.509933120832394948e+00
3.510191786906192046e+00
3.510449361102093047e+00
3.510705849404245349e+00
3.510961257756483267e+00
3.511215592062648660e+00
3.511468858186909792e+00
3.511721061954079293e+00
3.511972209149925028e+00
3.512222305521482291e+00
3.512471356777361109e+00
3.512719368588049562e+00
3.512966346586217981e+00
3.513212296367016485e+00
3.513457223488371639e+00
3.513701133471280436e+00
3.513944031800099843e+00
3.514185923922839461e+00
3.514426815251442626e+00
3.514666711162070190e+00
3.514905616995383397e+00
3.515143538056821004e+00
3.515380479616874165e+00
3.515616446911358661e+00
3.515851445141689791e+00
3.516085479475142161e+00
