0.000000000000000000e+00
0.000000000000000000e+00
0.000000000000000000e+00
0.000000000000000000e+00
0.000000000000000000e+00
0.000000000000000000e+00
0.000000000000000000e+00
0.000000000000000000e+00
0.000000000000000000e+00
0.000000000000000000e+00
0.000000000000000000e+00
0.000000000000000000e+00
0.000000000000000000e+00
0.000000000000000000e+00
0.000000000000000000e+00
0.000000000000000000e+00
0.000000000000000000e+00
0.000000000000000000e+00
0.000000000000000000e+00
0.000000000000000000e+00
0.000000000000000000e+00
0.000000000000000000e+00
0.000000000000000000e+00
0.000000000000000000e+00
0.000000000000000000e+00
0.000000000000000000e+00
0.000000000000000000e+00
0.000000000000000000e+00
0.000000000000000000e+00
0.000000000000000000e+00
0.000000000000000000e+00
0.000000000000000000e+00
0.000000000000000000e+00
0.000000000000000000e+00
0.000000000000000000e+00
0.000000000000000000e+00
0.000000000000000000e+00
0.000000000000000000e+00
0.000000000000000000e+00
0.000000000000000000e+00
0.000000000000000000e+00
0.000000000000000000e+00
0.000000000000000000e+00
0.000000000000000000e+00
0.000000000000000000e+00
0.000000000000000000e+00
0.000000000000000000e+00
0.000000000000000000e+00
0.000000000000000000e+00
0.000000000000000000e+00
0.000000000000000000e+00
0.000000000000000000e+00
0.000000000000000000e+00
0.000000000000000000e+00
0.000000000000000000e+00
0.000000000000000000e+00
0.000000000000000000e+00
0.000000000000000000e+00
0.000000000000000000e+00
0.000000000000000000e+00
0.000000000000000000e+00
0.000000000000000000e+00
0.000000000000000000e+00
0.000000000000000000e+00
0.000000000000000000e+00
0.000000000000000000e+00
0.000000000000000000e+00
0.000000000000000000e+00
0.000000000000000000e+00
0.000000000000000000e+00
0.000000000000000000e+00
0.000000000000000000e+00
0.000000000000000000e+00
0.000000000000000000e+00
0.000000000000000000e+00
0.000000000000000000e+00
0.000000000000000000e+00
0.000000000000000000e+00
0.000000000000000000e+00
0.000000000000000000e+00
0.000000000000000000e+00
0.000000000000000000e+00
0.000000000000000000e+00
0.000000000000000000e+00
0.000000000000000000e+00
0.000000000000000000e+00
0.000000000000000000e+00
0.000000000000000000e+00
0.000000000000000000e+00
0.000000000000000000e+00
0.000000000000000000e+00
0.000000000000000000e+00
0.000000000000000000e+00
0.000000000000000000e+00
0.000000000000000000e+00
0.000000000000000000e+00
0.000000000000000000e+00
0.000000000000000000e+00
0.000000000000000000e+00
0.000000000000000000e+00
0.000000000000000000e+00
0.000000000000000000e+00
0.000000000000000000e+00
0.000000000000000000e+00
0.000000000000000000e+00
0.000000000000000000e+00
0.000000000000000000e+00
0.000000000000000000e+00
0.000000000000000000e+00
0.000000000000000000e+00
0.000000000000000000e+00
0.000000000000000000e+00
0.000000000000000000e+00
0.000000000000000000e+00
0.000000000000000000e+00
0.000000000000000000e+00
0.000000000000000000e+00
0.000000000000000000e+00
0.000000000000000000e+00
0.000000000000000000e+00
0.000000000000000000e+00
0.000000000000000000e+00
0.000000000000000000e+00
0.000000000000000000e+00
0.000000000000000000e+00
0.000000000000000000e+00
0.000000000000000000e+00
0.000000000000000000e+00
0.000000000000000000e+00
0.000000000000000000e+00
0.000000000000000000e+00
0.000000000000000000e+00
0.000000000000000000e+00
0.000000000000000000e+00
0.000000000000000000e+00
0.000000000000000000e+00
0.000000000000000000e+00
0.000000000000000000e+00
0.000000000000000000e+00
0.000000000000000000e+00
0.000000000000000000e+00
0.000000000000000000e+00
0.000000000000000000e+00
0.000000000000000000e+00
0.000000000000000000e+00
0.000000000000000000e+00
0.000000000000000000e+00
0.000000000000000000e+00
0.000000000000000000e+00
0.000000000000000000e+00
0.000000000000000000e+00
0.000000000000000000e+00
0.000000000000000000e+00
0.000000000000000000e+00
0.000000000000000000e+00
0.000000000000000000e+00
0.000000000000000000e+00
0.000000000000000000e+00
0.000000000000000000e+00
0.000000000000000000e+00
3.133108699548037279e-02
9.395522736399364305e-02
2.173466788325413845e-01
3.533376518559723234e-01
4.900957455257572981e-01
6.157938116949528418e-01
8.042260992942060760e-01
1.020899830521296181e+00
1.045388660516809676e+00
1.200786108706656918e+00
1.354069134657347240e+00
1.458892924139141956e+00
1.535587217327865517e+00
1.778161936304919033e+00
1.856509448788079775e+00
1.903473697071494719e+00
2.023578261191255834e+00
2.145533638584377734e+00
2.255017876385859932e+00
2.373758477156291846e+00
2.505099615259115620e+00
2.687769971439911476e+00
2.894573771706637988e+00
2.909527269535043814e+00
2.956654018888530189e+00
3.255216251997180343e+00
3.180158810286059623e+00
3.478588903076450745e+00
3.399633986516395368e+00
3.705020742562000979e+00
3.674058053449468453e+00
3.784136451461276529e+00
4.007190413321104927e+00
4.122587882643781398e+00
4.128132531175930708e+00
4.173897865388221717e+00
4.295892031982885939e+00
4.412615621557533174e+00
4.508513626656727169e+00
4.624983429565997284e+00
4.720557620695869261e+00
4.815052701558466985e+00
4.986845545933355162e+00
5.211317412923465398e+00
5.308262860768701685e+00
5.262178702812967401e+00
5.352704605666608551e+00
5.616117499743698893e+00
5.583000393840141129e+00
5.729076427709897779e+00
5.915718548344794492e+00
5.870271486842783659e+00
6.135583246090702936e+00
6.054829614837629492e+00
6.275807543251294973e+00
6.306887719709792783e+00
6.354092869920194175e+00
6.616387467270753220e+00
6.537938639289263776e+00
6.648940290276776466e+00
6.900973153887967726e+00
6.934125856396001986e+00
6.902202017219716268e+00
7.005571023253516216e+00
7.206221519395894504e+00
7.393708089713603826e+00
7.512058300987300541e+00
7.572077497232895027e+00
7.612807878722050781e+00
7.675674261374958007e+00
7.730061166797772998e+00
7.819795231010727932e+00
7.918040756211713216e+00
8.065433633272000691e+00
8.214531384754781840e+00
8.337761149600906307e+00
8.410363339110391578e+00
8.420232277219080075e+00
8.416661538697155720e+00
8.484651973058277008e+00
8.658379310681089791e+00
8.852199925335906272e+00
8.884968530737406667e+00
8.846113374772649252e+00
9.002719771390244929e+00
9.221883202657590317e+00
9.159467070234040165e+00
9.215394330245999299e+00
9.496120963918320612e+00
9.410891260801580671e+00
9.500619321800963135e+00
9.752108459904562210e+00
9.614084993779641763e+00
9.899272272935343508e+00
9.826884065247735833e+00
1.004599386034394293e+01
1.001023741446795867e+01
1.021884117400052716e+01
1.017528289639554728e+01
1.038402083827976696e+01
1.033263108485181192e+01
1.058763277788286672e+01
1.047485902954635506e+01
1.076239180618454228e+01
1.069876663338098943e+01
1.079299952799735784e+01
1.099984794465367699e+01
1.090309283179901989e+01
1.108972500397372229e+01
1.123785437383892294e+01
1.115914150050054054e+01
1.128548614718380882e+01
1.153514686940067691e+01
1.143703865807967723e+01
1.147400742706574306e+01
1.169406456860979482e+01
1.184346069376527133e+01
1.176479246836490056e+01
1.178091560689837358e+01
1.196808569513746612e+01
1.214934275688955090e+01
1.222391400815027040e+01
1.217624828097574685e+01
1.219646688451961580e+01
1.227693038425519312e+01
1.245634804991266620e+01
1.260979101894589682e+01
1.272985070316657286e+01
1.276655361898072627e+01
1.278487901434364105e+01
1.279664582570102915e+01
1.282691097549997750e+01
1.289301707064616487e+01
1.295584822274147996e+01
1.306748680204531077e+01
1.314549358320408956e+01
1.326837280785086648e+01
1.333546472077524392e+01
1.343093110393018641e+01
1.350327073736700179e+01
1.358843981027778369e+01
1.366382765942446831e+01
1.370125466492898703e+01
1.379281190474508634e+01
1.383127316500228687e+01
1.389936304822904667e+01
1.398032441209973875e+01
1.404460627582425047e+01
1.417591618907870199e+01
1.427410638525959286e+01
1.443431377197392784e+01
1.455765658010936470e+01
1.466134121217885067e+01
1.470890051549751476e+01
1.470756028263863513e+01
1.469009146930001108e+01
1.473416280639941611e+01
1.482950021814714958e+01
1.500123017268997394e+01
1.517375800316593626e+01
1.524381430795635417e+01
1.521169546837922226e+01
1.517798061807372889e+01
1.527222707660941836e+01
1.548015733671422467e+01
1.562642253281023130e+01
1.561203333784291836e+01
1.556562384055546033e+01
1.564159509305696716e+01
1.586891948316702639e+01
1.599968696791872880e+01
1.591455301775229891e+01
1.591048616657492332e+01
1.611732832693307671e+01
1.628061823679777831e+01
1.619994791282489643e+01
1.620627694032734567e+01
1.642756469749241788e+01
1.654660164401674649e+01
1.644568965593535381e+01
1.653766372975226773e+01
1.678594194990858313e+01
1.674317035538235743e+01
1.671964234986514697e+01
1.697110221160611232e+01
1.701549488159649925e+01
1.692653754035089619e+01
1.714675516964391733e+01
1.723476191997710316e+01
1.713581135168449876e+01
1.737248063399254150e+01
1.745056835836101783e+01
1.734676976063765608e+01
1.760426186188378139e+01
1.761493427565717340e+01
1.758288435178266340e+01
1.785691481775187128e+01
1.774820706368204881e+01
1.785720330785379062e+01
1.805276740980133354e+01
1.790817030319535164e+01
1.817720660901852625e+01
1.814785132354419517e+01
1.817187626913820608e+01
1.841090124254741411e+01
1.826342181750448646e+01
1.853387638810787053e+01
1.846619446752811911e+01
1.856383624671979149e+01
1.871160462664652258e+01
1.862612512167677181e+01
1.890734229811567602e+01
1.874989792890355034e+01
1.902195153244499082e+01
1.892639655505725216e+01
1.910289153327831357e+01
1.911746614684715695e+01
1.917441660226135269e+01
1.931495588863912261e+01
1.927492533205403191e+01
1.948453412880748203e+01
1.938604738427178020e+01
1.964154903407687769e+01
1.951800423028337050e+01
1.978948052398212809e+01
1.964245916052263752e+01
1.992857989961336784e+01
1.977439529864277290e+01
2.007901308963161568e+01
1.991015936402410347e+01
2.019320467500452665e+01
2.005299427761267950e+01
2.033302024370465588e+01
2.019102522661180643e+01
2.046231193332673470e+01
2.032587829597193974e+01
2.056723919151289692e+01
2.049849208179678683e+01
2.067542432155311616e+01
2.065423173732456874e+01
2.074852575587928527e+01
2.084842362602526578e+01
2.083938098150439799e+01
2.103741412485259588e+01
2.092914359320876727e+01
2.120028062450264628e+01
2.105507340586676435e+01
2.131363254488456960e+01
2.123350081428858616e+01
2.137192208350558431e+01
2.144253762515067052e+01
2.141658587492165111e+01
2.164949695093358883e+01
2.152185814476408865e+01
2.178221554173379815e+01
2.169779827595052168e+01
2.180853913070739480e+01
2.193154222907258344e+01
2.186325220671872316e+01
2.212868078525046656e+01
2.200012728830436970e+01
2.215543979733624980e+01
2.223135012693851920e+01
2.219003798350960466e+01
2.245979201455831387e+01
2.234458771796659704e+01
2.248439971616899058e+01
2.258492005804114910e+01
2.250090558905640137e+01
2.275833025421082567e+01
2.269472011211440687e+01
2.276171537161359382e+01
2.295757806821934111e+01
2.282757657612238233e+01
2.300718397313872288e+01
2.308092540174576257e+01
2.302827662349551829e+01
2.327722922889585533e+01
2.323132255003094571e+01
2.323859881277188322e+01
2.346247397115655176e+01
2.336818241660578366e+01
2.346909366607093261e+01
2.367024225988738451e+01
2.356354722454702966e+01
2.369546283797679820e+01
2.383410802661400041e+01
2.372809557026017302e+01
2.389558800137306704e+01
2.402157006475096779e+01
2.393778819639888411e+01
2.411079125669916579e+01
2.420954823791130650e+01
2.410933195460049205e+01
2.426768780343254051e+01
2.438431129212812110e+01
2.430905163428401750e+01
2.447295817674802620e+01
2.461703914521302750e+01
2.451738729833393293e+01
2.462196654836554544e+01
2.478655309393874617e+01
2.470067100658399539e+01
2.478272304955335414e+01
2.499866330805695114e+01
2.494801591845765287e+01
2.496326244619048396e+01
2.516166544289043472e+01
2.515838322557279838e+01
2.511236018045942586e+01
2.528849213596449630e+01
2.540358786399238156e+01
2.533880685660616550e+01
2.544240031460461182e+01
2.562377437928477875e+01
2.556259077957459525e+01
2.556431171118793344e+01
2.574881827774823861e+01
2.580567953734937348e+01
2.575555518028095037e+01
2.588320303005429679e+01
2.606443500888614651e+01
2.601273812003336161e+01
2.600937731666080310e+01
2.617349036195341228e+01
2.625128104050468636e+01
2.619122667446288943e+01
2.627497576402560497e+01
2.646955738775108102e+01
2.648205239395401023e+01
2.645306741674544071e+01
2.657110420545396323e+01
2.671930903918408973e+01
2.667408438424139661e+01
2.666973555149559161e+01
2.681917245675173334e+01
2.694921138820284057e+01
2.691277407498314034e+01
2.694790443910936517e+01
2.711119493538076952e+01
2.720786732170703459e+01
2.714960843261033929e+01
2.717454026071039763e+01
2.732437244520231090e+01
2.741632086510073663e+01
2.738088958891420077e+01
2.742769058321896480e+01
2.758939509459555239e+01
2.769775143059428757e+01
2.765873016059423506e+01
2.767387004675065754e+01
2.780090895649854588e+01
2.791402109153827027e+01
2.788539033931298405e+01
2.789447821790314563e+01
2.801434093986785712e+01
2.816742164206968013e+01
2.818177568312142967e+01
2.817065375276148131e+01
2.825231346239658237e+01
2.839779102894547691e+01
2.844265319115550739e+01
2.840857160815341587e+01
2.844168591088535791e+01
2.857011135444983552e+01
2.869058958433881301e+01
2.868795136522101075e+01
2.870419311382352134e+01
2.879979185304907574e+01
2.894361070247040857e+01
2.899702054929586126e+01
2.896619267443786683e+01
2.899496206629232375e+01
2.909824756430700177e+01
2.921511340660359224e+01
2.923342819067190845e+01
2.923019578737739721e+01
2.930500372073037951e+01
2.943668243421329933e+01
2.954600494074273698e+01
2.954816938570751716e+01
2.955155264036102025e+01
2.962006172512295166e+01
2.973148036015308548e+01
2.981350859785473517e+01
2.980125002681528912e+01
2.981892030659952653e+01
2.989191149693026617e+01
3.002246544702449427e+01
3.011220574423501617e+01
3.012334524755994636e+01
3.014778677229919523e+01
3.021609352918852309e+01
3.033518224784391037e+01
3.041374718350476769e+01
3.042478076681992150e+01
3.042009012930381573e+01
3.047817263225281437e+01
3.057097273768584600e+01
3.068170892947930284e+01
3.071048170647359044e+01
3.073468593117629410e+01
3.078062843588983455e+01
3.088409266943094167e+01
3.099147322978832264e+01
3.105866206812499186e+01
3.105873794025854551e+01
3.108460702852507040e+01
3.113455090777098277e+01
3.123414628267538262e+01
3.131103619041658348e+01
3.134973981828062861e+01
3.135912972118834929e+01
3.141655051331861870e+01
3.149330430164400951e+01
3.161238777182112614e+01
3.168061499757283173e+01
3.171928004482991525e+01
3.173539289315735346e+01
3.179463217225011107e+01
3.186385818245553736e+01
3.196046587184338605e+01
3.200945092334553266e+01
3.203145263391188990e+01
3.205480041963767945e+01
3.210496014603255333e+01
3.219172692061305696e+01
3.227800720324329120e+01
3.235636423804486128e+01
3.238096673841893391e+01
3.243209051897794382e+01
3.248010121831232766e+01
3.256711043340938261e+01
3.264975795188576768e+01
3.271611569505115114e+01
3.274831704289422163e+01
3.276597599198504440e+01
3.281619294639858708e+01
3.286356336390488764e+01
3.295296549874897352e+01
3.301666017189944569e+01
3.307050072315398381e+01
3.311022121174669763e+01
3.315233716714624990e+01
3.322900060996864369e+01
3.329548732446941983e+01
3.339147736141843126e+01
3.344920496198562887e+01
3.349069639811494881e+01
3.353393296596917139e+01
3.356621448095581428e+01
3.363457355213496669e+01
3.368976314792016069e+01
3.375984100228396301e+01
3.381619846543230778e+01
3.384409430694736898e+01
3.390109260751860631e+01
3.394276019599888627e+01
3.401010473425638736e+01
3.409094565079936956e+01
3.415042440088923570e+01
3.422830865616863605e+01
3.426822184904762736e+01
3.431933220946964980e+01
3.438184172207743927e+01
3.442540646661356618e+01
3.450051508319985061e+01
3.455990217765828731e+01
3.460615763489184360e+01
3.466598553617784262e+01
3.469414777246822013e+01
3.474494785728549573e+01
3.480329867940379529e+01
3.484467945063494199e+01
3.492172052386779058e+01
3.498151447281639292e+01
3.503233339880171116e+01
3.510594773921800282e+01
3.515128790826958749e+01
3.520880369109387686e+01
3.528102557847287812e+01
3.532562811421682625e+01
3.539482660596473806e+01
3.546164229514302946e+01
3.549976419710061748e+01
3.556379907808743468e+01
3.561126583620620067e+01
3.564420960435312224e+01
3.570559897414813122e+01
3.575139542061795339e+01
3.579307562033693557e+01
3.587187950435497186e+01
3.592247917631670617e+01
3.597416781551035569e+01
3.604682207237188152e+01
3.609271280726627396e+01
3.613843697076354289e+01
3.621082484356694664e+01
3.625846498234581361e+01
3.631709246551136516e+01
3.640135906592226434e+01
3.645146483209482113e+01
3.650190098535830430e+01
3.656792223523667928e+01
3.660459011357684744e+01
3.663666642976915711e+01
3.670150715765314686e+01
3.674838458505283256e+01
3.679931952126602113e+01
3.687965756264971873e+01
3.693259510280731917e+01
3.697110028139663740e+01
3.703191786452633494e+01
3.707895898057174122e+01
3.710361368859888387e+01
3.716641789696194564e+01
3.724117433168895985e+01
3.729509034168785320e+01
3.737295900926785919e+01
3.745127429773464200e+01
3.749442869763515063e+01
3.753775059359677613e+01
3.759710034687364555e+01
3.763100382702328517e+01
3.766241374314214596e+01
3.774123153681319565e+01
3.781289418059802188e+01
3.786271982563012983e+01
3.793082639945216528e+01
3.799412057533687204e+01
3.802266236187712423e+01
3.805056491834174182e+01
3.810116433783959877e+01
3.813713392651595768e+01
3.817448552300960074e+01
3.826104590323019039e+01
3.834755168591306784e+01
3.840256886959097216e+01
3.846383126231147287e+01
3.853384956709108877e+01
3.857436207638590986e+01
3.859404450063567538e+01
3.863965006491054055e+01
3.869875922018658798e+01
3.874450137068841826e+01
3.881633891396363367e+01
3.891245034034548667e+01
3.898032179396977170e+01
3.902224942329247170e+01
3.907374665946087333e+01
3.912513860537747945e+01
3.914411434616948071e+01
3.915524824667289039e+01
3.920776470116525303e+01
3.927775909310662428e+01
3.933500838241278785e+01
3.940909284363763732e+01
3.949904626422212317e+01
3.956327212955665829e+01
3.959776754353744366e+01
3.963657728430644767e+01
3.968466659073032332e+01
3.971061290813601374e+01
3.972420416014610822e+01
3.978088696165292504e+01
3.987353750847222500e+01
3.995063964120556932e+01
4.001796405695581882e+01
4.009938239896138157e+01
4.017460699701099713e+01
4.021552938719052150e+01
4.023608973906712549e+01
4.026848321976427059e+01
4.030761991874770445e+01
4.033052439410286638e+01
4.036464548682174325e+01
4.044744764910190327e+01
4.054659409810085435e+01
4.061840556604445851e+01
4.067472190215495687e+01
4.073967859638644740e+01
4.080045191972817520e+01
4.083016555595420982e+01
4.083637701176564150e+01
4.085578861695852027e+01
4.089881169411781059e+01
4.094233021246854776e+01
4.099154795826807884e+01
4.107619278002619012e+01
4.118265110703416809e+01
4.126797199429159235e+01
4.132305068567423945e+01
4.137285705739343911e+01
4.142902453649737282e+01
4.147138633406207475e+01
4.148268681335905939e+01
4.148606552088759969e+01
4.152079178223351619e+01
4.158626945025940103e+01
4.165357563422401910e+01
4.172308743296482447e+01
4.181234951534828070e+01
4.190918577209500029e+01
4.198253919792922773e+01
4.202439866305794425e+01
4.205560172268029362e+01
4.209271559949246466e+01
4.212461019362914527e+01
4.213337184894470511e+01
4.213518119175910215e+01
4.217155194886156977e+01
4.225170639863161881e+01
4.234157452376053499e+01
4.241873798733849554e+01
4.249534483112258698e+01
4.258087268374715251e+01
4.265939332442911081e+01
4.270959563322123387e+01
4.273273570048547043e+01
4.275054389141109823e+01
4.277711966222515372e+01
4.280323028499558546e+01
4.281864735500591479e+01
4.284326419116688101e+01
4.290803414215692158e+01
4.300946394321641719e+01
4.311169189295740978e+01
4.319201752000393668e+01
4.325975843121600661e+01
4.332950624837192066e+01
4.339661918457193934e+01
4.344262204843067821e+01
4.345930765492132508e+01
4.346158061507696146e+01
4.347384910354945475e+01
4.350190544260659919e+01
4.353729354282265263e+01
4.357734399729311292e+01
4.364038375449036522e+01
4.373468943539812415e+01
4.384317344753497281e+01
4.393592696331229774e+01
4.400241968214665178e+01
4.405443234442618206e+01
4.410565638459900839e+01
4.415451741143429842e+01
4.418555722427888810e+01
4.419130513538486582e+01
4.418483247601780306e+01
4.419388411834285790e+01
4.423136442666834967e+01
4.429083938272530929e+01
4.713831325954158302e+01
5.026548245743668986e+01
5.026548245743668986e+01
5.026548245743668986e+01
5.026548245743668986e+01
5.026548245743668986e+01
5.026548245743668986e+01
5.026548245743668986e+01
5.026548245743668986e+01
5.026548245743668986e+01
5.026548245743668986e+01
5.026548245743668986e+01
5.026548245743668986e+01
5.026548245743668986e+01
5.026548245743668986e+01
5.026548245743668986e+01
5.026548245743668986e+01
5.026548245743668986e+01
5.026548245743668986e+01
5.026548245743668986e+01
5.026548245743668986e+01
5.026548245743668986e+01
5.026548245743668986e+01
5.026548245743668986e+01
5.026548245743668986e+01
5.026548245743668986e+01
5.026548245743668986e+01
5.026548245743668986e+01
5.026548245743668986e+01
5.026548245743668986e+01
5.026548245743668986e+01
5.026548245743668986e+01
5.026548245743668986e+01
5.026548245743668986e+01
5.026548245743668986e+01
5.026548245743668986e+01
5.026548245743668986e+01
5.026548245743668986e+01
5.026548245743668986e+01
5.026548245743668986e+01
5.026548245743668986e+01
5.026548245743668986e+01
5.026548245743668986e+01
5.026548245743668986e+01
5.026548245743668986e+01
5.026548245743668986e+01
5.026548245743668986e+01
5.026548245743668986e+01
5.026548245743668986e+01
5.026548245743668986e+01
5.026548245743668986e+01
5.026548245743668986e+01
5.026548245743668986e+01
5.026548245743668986e+01
5.026548245743668986e+01
5.026548245743668986e+01
5.026548245743668986e+01
5.026548245743668986e+01
5.026548245743668986e+01
5.026548245743668986e+01
5.026548245743668986e+01
5.026548245743668986e+01
5.026548245743668986e+01
5.026548245743668986e+01
5.026548245743668986e+01
5.026548245743668986e+01
5.026548245743668986e+01
5.026548245743668986e+01
5.026548245743668986e+01
5.026548245743668986e+01
5.026548245743668986e+01
5.026548245743668986e+01
5.026548245743668986e+01
5.026548245743668986e+01
5.026548245743668986e+01
5.026548245743668986e+01
5.026548245743668986e+01
5.026548245743668986e+01
5.026548245743668986e+01
5.026548245743668986e+01
5.026548245743668986e+01
5.026548245743668986e+01
5.026548245743668986e+01
5.026548245743668986e+01
5.026548245743668986e+01
5.026548245743668986e+01
5.026548245743668986e+01
5.026548245743668986e+01
5.026548245743668986e+01
5.026548245743668986e+01
5.026548245743668986e+01
5.026548245743668986e+01
5.026548245743668986e+01
5.026548245743668986e+01
5.026548245743668986e+01
5.026548245743668986e+01
5.026548245743668986e+01
5.026548245743668986e+01
5.026548245743668986e+01
5.026548245743668986e+01
5.026548245743668986e+01
5.026548245743668986e+01
5.026548245743668986e+01
5.026548245743668986e+01
5.026548245743668986e+01
5.026548245743668986e+01
5.026548245743668986e+01
5.026548245743668986e+01
5.026548245743668986e+01
5.026548245743668986e+01
5.026548245743668986e+01
5.026548245743668986e+01
5.026548245743668986e+01
5.026548245743668986e+01
5.026548245743668986e+01
5.026548245743668986e+01
5.026548245743668986e+01
5.026548245743668986e+01
5.026548245743668986e+01
5.026548245743668986e+01
5.026548245743668986e+01
5.026548245743668986e+01
5.026548245743668986e+01
5.026548245743668986e+01
5.026548245743668986e+01
5.026548245743668986e+01
5.026548245743668986e+01
5.026548245743668986e+01
5.026548245743668986e+01
5.026548245743668986e+01
5.026548245743668986e+01
5.026548245743668986e+01
5.026548245743668986e+01
5.026548245743668986e+01
5.026548245743668986e+01
5.026548245743668986e+01
5.026548245743668986e+01
5.026548245743668986e+01
5.026548245743668986e+01
5.026548245743668986e+01
5.026548245743668986e+01
5.026548245743668986e+01
5.026548245743668986e+01
5.026548245743668986e+01
5.026548245743668986e+01
5.026548245743668986e+01
5.026548245743668986e+01
5.026548245743668986e+01
5.026548245743668986e+01
5.026548245743668986e+01
5.026548245743668986e+01
5.026548245743668986e+01
5.026548245743668986e+01
5.026548245743668986e+01
5.026548245743668986e+01
5.026548245743668986e+01
5.026548245743668986e+01
5.026548245743668986e+01
5.026548245743668986e+01
5.026548245743668986e+01
5.026548245743668986e+01
5.026548245743668986e+01
5.026548245743668986e+01
5.026548245743668986e+01
5.026548245743668986e+01
5.026548245743668986e+01
5.026548245743668986e+01
5.026548245743668986e+01
5.026548245743668986e+01
5.026548245743668986e+01
5.026548245743668986e+01
5.026548245743668986e+01
5.026548245743668986e+01
5.026548245743668986e+01
5.026548245743668986e+01
5.026548245743668986e+01
5.026548245743668986e+01
5.026548245743668986e+01
5.026548245743668986e+01
5.026548245743668986e+01
5.026548245743668986e+01
5.026548245743668986e+01
5.026548245743668986e+01
5.026548245743668986e+01
5.026548245743668986e+01
5.026548245743668986e+01
5.026548245743668986e+01
5.026548245743668986e+01
5.026548245743668986e+01
5.026548245743668986e+01
5.026548245743668986e+01
5.026548245743668986e+01
5.026548245743668986e+01
5.026548245743668986e+01
5.026548245743668986e+01
5.026548245743668986e+01
5.026548245743668986e+01
5.026548245743668986e+01
5.026548245743668986e+01
5.026548245743668986e+01
5.026548245743668986e+01
5.026548245743668986e+01
5.026548245743668986e+01
5.026548245743668986e+01
5.026548245743668986e+01
5.026548245743668986e+01
5.026548245743668986e+01
5.026548245743668986e+01
5.026548245743668986e+01
5.026548245743668986e+01
5.026548245743668986e+01
5.026548245743668986e+01
5.026548245743668986e+01
